"Time (s)","w","x","y","z","Direct (°)","Yaw (°)","Pitch (°)","Roll (°)"
7.209166652E-3,3.541284422E-1,5.742235841E-1,-3.816145937E-1,6.318469240E-1,1.385199238E2,-5.688552478E1,-8.482507879E1,1.741164124E2
1.723216672E-2,3.535768453E-1,5.746520490E-1,-3.811509784E-1,6.320460889E-1,1.385875046E2,-5.699739499E1,-8.483875897E1,1.743251017E2
2.725416666E-2,3.528978490E-1,5.752341391E-1,-3.809100249E-1,6.320414633E-1,1.386706734E2,-5.754046142E1,-8.486611001E1,1.749561759E2
3.727716662E-2,3.521128745E-1,5.759069398E-1,-3.809590311E-1,6.318369984E-1,1.387667949E2,-5.853939363E1,-8.489917376E1,1.760258515E2
4.729916668E-2,3.515186567E-1,5.763922186E-1,-3.810255389E-1,6.316852170E-1,1.388395378E2,-5.931788994E1,-8.492001542E1,1.768549843E2
5.732216663E-2,3.511797749E-1,5.766886900E-1,-3.810332833E-1,6.315984156E-1,1.388810152E2,-5.974774717E1,-8.493403261E1,1.773166397E2
6.734516670E-2,3.509312244E-1,5.769585036E-1,-3.811169975E-1,6.314396590E-1,1.389114329E2,-6.019656771E1,-8.495156870E1,1.777815371E2
7.736716664E-2,3.506348267E-1,5.773178371E-1,-3.813487314E-1,6.311358856E-1,1.389477023E2,-6.091746620E1,-8.497743860E1,1.785092666E2
8.739016671E-2,3.503103803E-1,5.777208769E-1,-3.816615980E-1,6.307579126E-1,1.389873989E2,-6.179125715E1,-8.500616343E1,1.793849904E2
9.741216665E-2,3.500596381E-1,5.780024705E-1,-3.819436763E-1,6.304684165E-1,1.390180742E2,-6.249185321E1,-8.502374665E1,-1.799169816E2
1.074351667E-1,3.498759200E-1,5.782005080E-1,-3.821107991E-1,6.302875643E-1,1.390405480E2,-6.295545080E1,-8.503510722E1,-1.794515471E2
1.174581667E-1,3.497369092E-1,5.784405133E-1,-3.821282269E-1,6.301339918E-1,1.390575517E2,-6.326894804E1,-8.505556273E1,-1.791260440E2
1.274801666E-1,3.496058535E-1,5.788319310E-1,-3.820663131E-1,6.298847142E-1,1.390735815E2,-6.363689454E1,-8.509645539E1,-1.787386891E2
1.375031667E-1,3.494589823E-1,5.793554054E-1,-3.819901854E-1,6.295309652E-1,1.390915447E2,-6.413373139E1,-8.515317316E1,-1.782192070E2
1.475251666E-1,3.492904055E-1,5.799566302E-1,-3.818630283E-1,6.291480084E-1,1.391121614E2,-6.467265037E1,-8.521813985E1,-1.776506469E2
1.575481667E-1,3.490131424E-1,5.806894691E-1,-3.816238977E-1,6.287708152E-1,1.391460672E2,-6.528296920E1,-8.529113227E1,-1.769895036E2
1.675711666E-1,3.486874842E-1,5.815412042E-1,-3.811873933E-1,6.284290358E-1,1.391858864E2,-6.582655501E1,-8.537607502E1,-1.763716619E2
1.775931667E-1,3.483786005E-1,5.824249920E-1,-3.804775034E-1,6.282120112E-1,1.392236498E2,-6.608206063E1,-8.546787897E1,-1.760174644E2
1.876161667E-1,3.479974034E-1,5.833830110E-1,-3.796526685E-1,6.280334982E-1,1.392702476E2,-6.632667239E1,-8.556405965E1,-1.756565919E2
1.976381667E-1,3.474887541E-1,5.844850773E-1,-3.788673779E-1,6.277646224E-1,1.393324144E2,-6.687225506E1,-8.566747810E1,-1.749862811E2
2.076611667E-1,3.469087503E-1,5.857201907E-1,-3.781479733E-1,6.273678309E-1,1.394032868E2,-6.773960314E1,-8.578065504E1,-1.739935884E2
2.176841666E-1,3.463992792E-1,5.869666627E-1,-3.774352490E-1,6.269133192E-1,1.394655272E2,-6.865244829E1,-8.590020116E1,-1.729626534E2
2.277061667E-1,3.459928887E-1,5.882640375E-1,-3.767218609E-1,6.263505008E-1,1.395151657E2,-6.965061620E1,-8.603387558E1,-1.718559763E2
2.377291666E-1,3.456366214E-1,5.897341828E-1,-3.760053856E-1,6.255948499E-1,1.395586753E2,-7.096091039E1,-8.619164835E1,-1.704413953E2
2.477511667E-1,3.452837574E-1,5.913768668E-1,-3.752073245E-1,6.247176160E-1,1.396017633E2,-7.255347769E1,-8.636942784E1,-1.687369857E2
2.577741666E-1,3.448309844E-1,5.932600617E-1,-3.743038752E-1,6.237233191E-1,1.396570425E2,-7.463293749E1,-8.656500340E1,-1.665261864E2
2.677971667E-1,3.442597155E-1,5.954620133E-1,-3.734169053E-1,6.224709782E-1,1.397267748E2,-7.769948121E1,-8.677920538E1,-1.633187102E2
2.778191667E-1,3.436384709E-1,5.981009539E-1,-3.727361072E-1,6.206897681E-1,1.398025898E2,-8.262351779E1,-8.701501602E1,-1.582685832E2
2.878421666E-1,3.430313877E-1,6.010045767E-1,-3.722345176E-1,6.185179410E-1,1.398766588E2,-8.944072380E1,-8.724056569E1,-1.513436612E2
2.978641667E-1,3.420970448E-1,6.041737985E-1,-3.719075107E-1,6.161399631E-1,1.399906221E2,-9.846095911E1,-8.739696373E1,-1.422028096E2
3.078871666E-1,3.402190444E-1,6.083627000E-1,-3.722574033E-1,6.128378629E-1,1.402195600E2,-1.123085546E2,-8.737854098E1,-1.282119683E2
3.179101667E-1,3.376708881E-1,6.134964706E-1,-3.734264410E-1,6.084021178E-1,1.405299293E2,-1.283064993E2,-8.707319637E1,-1.120889576E2
3.279321666E-1,3.348832218E-1,6.188880851E-1,-3.747691342E-1,6.036379961E-1,1.408691262E2,-1.410582956E2,-8.653937552E1,-9.921030129E1
3.379551667E-1,3.323477622E-1,6.239403122E-1,-3.758872058E-1,5.991262497E-1,1.411773256E2,-1.497533718E2,-8.593848494E1,-9.039388747E1
3.479771666E-1,3.302784257E-1,6.286607171E-1,-3.766655317E-1,5.948319179E-1,1.414286487E2,-1.561218989E2,-8.534675395E1,-8.391750926E1
3.580001667E-1,3.288405438E-1,6.330413551E-1,-3.773265839E-1,5.905482808E-1,1.416031673E2,-1.612217034E2,-8.477422498E1,-7.875921054E1
3.680221667E-1,3.279470833E-1,6.369495797E-1,-3.778209348E-1,5.865128359E-1,1.417115618E2,-1.653004948E2,-8.425013589E1,-7.465748074E1
3.780451666E-1,3.274494344E-1,6.402118827E-1,-3.778277099E-1,5.832253607E-1,1.417719211E2,-1.684843192E2,-8.383382678E1,-7.144015027E1
3.880681667E-1,3.272571394E-1,6.427592804E-1,-3.770913624E-1,5.810039057E-1,1.417952414E2,-1.710207985E2,-8.356671000E1,-6.882526511E1
3.980901666E-1,3.272415029E-1,6.446385136E-1,-3.756840896E-1,5.798410320E-1,1.417971376E2,-1.730766545E2,-8.344090749E1,-6.664021109E1
4.081131667E-1,3.272998026E-1,6.459861485E-1,-3.738185542E-1,5.795139197E-1,1.417900676E2,-1.747890271E2,-8.342229157E1,-6.475938763E1
4.181351666E-1,3.274420060E-1,6.469580759E-1,-3.716319546E-1,5.797558427E-1,1.417728220E2,-1.763501659E2,-8.347949271E1,-6.300540836E1
4.281581667E-1,3.277162766E-1,6.477077314E-1,-3.692746498E-1,5.802698867E-1,1.417395575E2,-1.779355941E2,-8.357808474E1,-6.122232720E1
4.381811667E-1,3.280911834E-1,6.483145617E-1,-3.669180509E-1,5.808748942E-1,1.416940820E2,-1.795545042E2,-8.369139298E1,-5.941497669E1
4.482031667E-1,3.284739927E-1,6.487352610E-1,-3.646433117E-1,5.816207775E-1,1.416476416E2,1.789265015E2,-8.381941483E1,-5.771574024E1
4.582261667E-1,3.287870700E-1,6.489145326E-1,-3.624181478E-1,5.826338086E-1,1.416096558E2,1.776001295E2,-8.397483705E1,-5.620670935E1
4.682481666E-1,3.290097213E-1,6.488865050E-1,-3.601751346E-1,5.839287811E-1,1.415826387E2,1.764241132E2,-8.415962685E1,-5.483742324E1
4.782711667E-1,3.291559287E-1,6.487483687E-1,-3.579284337E-1,5.853794334E-1,1.415648964E2,1.753140037E2,-8.435848744E1,-5.352656053E1
4.882941666E-1,3.291922698E-1,6.486924819E-1,-3.557525605E-1,5.867457394E-1,1.415604862E2,1.742030975E2,-8.453651880E1,-5.221231062E1
4.983161667E-1,3.290611299E-1,6.488851457E-1,-3.537566859E-1,5.878120336E-1,1.415764004E2,1.731120466E2,-8.466010776E1,-5.092084878E1
5.083391666E-1,3.286442027E-1,6.494300939E-1,-3.518935529E-1,5.885614151E-1,1.416269905E2,1.721067349E2,-8.471854422E1,-4.970293572E1
5.183611667E-1,3.279577359E-1,6.503047570E-1,-3.500731989E-1,5.890639531E-1,1.417102697E2,1.711737462E2,-8.472232175E1,-4.853796600E1
5.283841667E-1,3.271734463E-1,6.514080350E-1,-3.482910194E-1,5.893373386E-1,1.418053906E2,1.702252672E2,-8.468550732E1,-4.735321219E1
5.384071667E-1,3.263776190E-1,6.527298129E-1,-3.465983493E-1,5.893140841E-1,1.419018830E2,1.692352625E2,-8.460466988E1,-4.613556229E1
5.484291667E-1,3.254511996E-1,6.543471560E-1,-3.449526834E-1,5.889982672E-1,1.420141740E2,1.682829485E2,-8.447198271E1,-4.494947081E1
5.584521666E-1,3.244352182E-1,6.561822087E-1,-3.431964453E-1,5.885430707E-1,1.421372772E2,1.672948343E2,-8.431007053E1,-4.371027854E1
5.684741667E-1,3.235431380E-1,6.580004027E-1,-3.411718161E-1,5.881811979E-1,1.422453304E2,1.660949416E2,-8.416259889E1,-4.224598913E1
5.784971666E-1,3.228836347E-1,6.595783070E-1,-3.388879521E-1,5.880965565E-1,1.423251903E2,1.646783859E2,-8.406188135E1,-4.056168847E1
5.885201667E-1,3.221438416E-1,6.609331912E-1,-3.363265722E-1,5.884513802E-1,1.424147500E2,1.632805019E2,-8.401276855E1,-3.886216136E1
5.985421666E-1,3.211870555E-1,6.620397883E-1,-3.336322190E-1,5.892637713E-1,1.425305437E2,1.620805892E2,-8.401477913E1,-3.732759466E1
6.085651667E-1,3.201420033E-1,6.627756196E-1,-3.309247582E-1,5.905306002E-1,1.426569743E2,1.610379334E2,-8.407862453E1,-3.593982914E1
6.185871667E-1,3.191683373E-1,6.631153969E-1,-3.282094158E-1,5.921892367E-1,1.427747262E2,1.599836309E2,-8.420397001E1,-3.454517986E1
6.286101667E-1,3.184580470E-1,6.631005402E-1,-3.254340669E-1,5.941167280E-1,1.428606006E2,1.586548500E2,-8.437951138E1,-3.289394594E1
6.386331667E-1,3.180924863E-1,6.629007325E-1,-3.225629709E-1,5.960980303E-1,1.429047886E2,1.568587811E2,-8.457290918E1,-3.079831983E1
6.486551666E-1,3.180136612E-1,6.628019930E-1,-3.197239065E-1,5.977770027E-1,1.429143160E2,1.546713464E2,-8.472737493E1,-2.834181140E1
6.586781667E-1,3.180351139E-1,6.631245217E-1,-3.172173281E-1,5.987425448E-1,1.429117231E2,1.525505252E2,-8.478096003E1,-2.599396267E1
6.687001666E-1,3.178065305E-1,6.641268897E-1,-3.151975352E-1,5.988197368E-1,1.429393502E2,1.510917160E2,-8.470220277E1,-2.433287333E1
6.787231667E-1,3.170883693E-1,6.657820491E-1,-3.137117218E-1,5.981422473E-1,1.430261343E2,1.506192050E2,-8.451030377E1,-2.366499356E1
6.887451666E-1,3.158862885E-1,6.678267824E-1,-3.125435587E-1,5.971096179E-1,1.431713470E2,1.508752071E2,-8.426117447E1,-2.371225953E1
6.987681667E-1,3.146201128E-1,6.698718950E-1,-3.115673745E-1,5.959963510E-1,1.433242362E2,1.513135045E2,-8.400616407E1,-2.395397759E1
7.087911667E-1,3.135532286E-1,6.718420073E-1,-3.106872640E-1,5.947992751E-1,1.434530088E2,1.516340921E2,-8.374996266E1,-2.410513331E1
7.188131667E-1,3.126239433E-1,6.739076032E-1,-3.098295967E-1,5.933973340E-1,1.435651343E2,1.518535981E2,-8.346889388E1,-2.417074284E1
7.288361667E-1,3.118421930E-1,6.760269154E-1,-3.091044180E-1,5.917740165E-1,1.436594306E2,1.520440372E2,-8.316544829E1,-2.423363899E1
7.388581666E-1,3.111118408E-1,6.780333793E-1,-3.085292610E-1,5.901608353E-1,1.437475041E2,1.522763627E2,-8.287213271E1,-2.435673586E1
7.488811667E-1,3.103059404E-1,6.797687969E-1,-3.078886500E-1,5.889220236E-1,1.438446623E2,1.524972304E2,-8.263112624E1,-2.445437310E1
7.589041666E-1,3.095101552E-1,6.811091088E-1,-3.068518797E-1,5.883330319E-1,1.439405747E2,1.524604517E2,-8.247399627E1,-2.425709556E1
7.689261667E-1,3.088651293E-1,6.820352647E-1,-3.050898675E-1,5.885154540E-1,1.440182976E2,1.518975703E2,-8.241052983E1,-2.347905581E1
7.789491666E-1,3.085175126E-1,6.827457131E-1,-3.026054582E-1,5.891562441E-1,1.440601768E2,1.507220682E2,-8.239585365E1,-2.204874486E1
7.889711667E-1,3.084962811E-1,6.835106573E-1,-2.997113395E-1,5.897595236E-1,1.440627345E2,1.491141492E2,-8.236454379E1,-2.017930659E1
7.989941667E-1,3.085703753E-1,6.845144688E-1,-2.967413776E-1,5.900583447E-1,1.440538084E2,1.474581907E2,-8.228075752E1,-1.826553026E1
8.090171666E-1,3.085541066E-1,6.857384554E-1,-2.940386266E-1,5.899986648E-1,1.440557683E2,1.460951779E2,-8.214755410E1,-1.666246922E1
8.190391667E-1,3.082175219E-1,6.871842398E-1,-2.915663135E-1,5.897193155E-1,1.440963143E2,1.451447528E2,-8.198160360E1,-1.546527511E1
8.290621666E-1,3.074404920E-1,6.888781217E-1,-2.891346933E-1,5.893456521E-1,1.441898997E2,1.445592205E2,-8.179271032E1,-1.459823061E1
8.390841667E-1,3.061831778E-1,6.909070288E-1,-2.865804678E-1,5.888725010E-1,1.443412782E2,1.442724398E2,-8.157345103E1,-1.397737569E1
8.491071666E-1,3.046318155E-1,6.933344766E-1,-2.841025281E-1,5.880242746E-1,1.445279712E2,1.442921142E2,-8.129790039E1,-1.364597968E1
8.591301667E-1,3.028410591E-1,6.962803516E-1,-2.819410902E-1,5.865067563E-1,1.447433522E2,1.447136327E2,-8.093598263E1,-1.372712393E1
8.691518334E-1,3.006889357E-1,6.999004077E-1,-2.800639750E-1,5.842000803E-1,1.450020262E2,1.455569666E2,-8.046618651E1,-1.422805923E1
8.791748333E-1,2.982345561E-1,7.041695252E-1,-2.781989137E-1,5.812115316E-1,1.452968054E2,1.465911593E2,-7.989241492E1,-1.489917482E1
8.891968334E-1,2.957533922E-1,7.088837345E-1,-2.761397030E-1,5.777202342E-1,1.455945609E2,1.475301709E2,-7.923804640E1,-1.546028684E1
8.992198333E-1,2.933868361E-1,7.138361788E-1,-2.737811443E-1,5.739390823E-1,1.458783396E2,1.482524574E2,-7.853448736E1,-1.579220129E1
9.092428334E-1,2.911559508E-1,7.188279462E-1,-2.711205191E-1,5.700950053E-1,1.461456524E2,1.487593910E2,-7.781661881E1,-1.589665289E1
9.192648333E-1,2.892092194E-1,7.236128358E-1,-2.684578076E-1,5.662798409E-1,1.463787619E2,1.491057805E2,-7.711398809E1,-1.586691416E1
9.292878333E-1,2.875402148E-1,7.280366954E-1,-2.660971205E-1,5.625614668E-1,1.465785011E2,1.493982275E2,-7.644809224E1,-1.583470324E1
9.393098333E-1,2.859305845E-1,7.320654916E-1,-2.641498729E-1,5.590606231E-1,1.467710358E2,1.497481408E2,-7.583500378E1,-1.590070575E1
9.493328333E-1,2.841874962E-1,7.356659072E-1,-2.623584000E-1,5.560587349E-1,1.469794251E2,1.501365156E2,-7.529934708E1,-1.600424821E1
9.593558334E-1,2.823939054E-1,7.386922406E-1,-2.604170951E-1,5.538686056E-1,1.471937349E2,1.504390051E2,-7.487465110E1,-1.599894965E1
9.693778333E-1,2.808204161E-1,7.410045431E-1,-2.581160036E-1,5.526556825E-1,1.473816484E2,1.505099589E2,-7.458141820E1,-1.574299520E1
9.794008334E-1,2.798594258E-1,7.425796341E-1,-2.556018809E-1,5.521973355E-1,1.474963700E2,1.502710131E2,-7.440077025E1,-1.520656875E1
9.894228333E-1,2.795174568E-1,7.436820481E-1,-2.530755777E-1,5.520504853E-1,1.475371857E2,1.497993298E2,-7.427596655E1,-1.448820845E1
9.994458334E-1,2.794628872E-1,7.447428632E-1,-2.507270078E-1,5.517195799E-1,1.475436985E2,1.492902475E2,-7.413662314E1,-1.377458357E1
1.009468833E0,2.793180811E-1,7.459963948E-1,-2.487520908E-1,5.509928734E-1,1.475609802E2,1.489378730E2,-7.395383775E1,-1.324534209E1
1.019490833E0,2.787592771E-1,7.473218500E-1,-2.471661681E-1,5.501927787E-1,1.476276631E2,1.488305112E2,-7.376885625E1,-1.295918693E1
1.029513833E0,2.777620616E-1,7.483786400E-1,-2.458484047E-1,5.498510731E-1,1.477466343E2,1.489022023E2,-7.365169298E1,-1.283325688E1
1.039535833E0,2.766972215E-1,7.488471233E-1,-2.446491793E-1,5.502849749E-1,1.478736339E2,1.489657422E2,-7.364717898E1,-1.269727295E1
1.049558833E0,2.760372651E-1,7.485127513E-1,-2.433728674E-1,5.516353810E-1,1.479523242E2,1.488029708E2,-7.377506840E1,-1.235646976E1
1.059581833E0,2.759224781E-1,7.474600706E-1,-2.418489427E-1,5.537862822E-1,1.479660093E2,1.483240897E2,-7.401407661E1,-1.171973107E1
1.069603833E0,2.763179104E-1,7.459568821E-1,-2.403087072E-1,5.562808594E-1,1.479188632E2,1.476112236E2,-7.430731165E1,-1.088988187E1
1.079626833E0,2.769500394E-1,7.443708752E-1,-2.389872560E-1,5.586553180E-1,1.478434849E2,1.468458769E2,-7.459420831E1,-1.004836539E1
1.089648833E0,2.776090159E-1,7.429682280E-1,-2.379278528E-1,5.606440065E-1,1.477648900E2,1.461443655E2,-7.483647311E1,-9.298791566E0
1.099671833E0,2.782841346E-1,7.416675763E-1,-2.369728895E-1,5.624330454E-1,1.476843537E2,1.454614871E2,-7.505377112E1,-8.579967256E0
1.109693833E0,2.789109952E-1,7.402628218E-1,-2.358446184E-1,5.644439874E-1,1.476095595E2,1.447054628E2,-7.529218058E1,-7.767629759E0
1.119716833E0,2.795318394E-1,7.387225652E-1,-2.344838231E-1,5.667171145E-1,1.475354692E2,1.438319379E2,-7.555437712E1,-6.815922829E0
1.129739833E0,2.802553006E-1,7.371875770E-1,-2.329728586E-1,5.689772287E-1,1.474491151E2,1.428485640E2,-7.580567594E1,-5.751027926E0
1.139761833E0,2.811188052E-1,7.358071202E-1,-2.314043004E-1,5.709748207E-1,1.473460203E2,1.418011237E2,-7.601496443E1,-4.631579919E0
1.149784833E0,2.820610507E-1,7.347604665E-1,-2.298687010E-1,5.724761652E-1,1.472334935E2,1.407857383E2,-7.615334474E1,-3.557573512E0
1.159806833E0,2.830156874E-1,7.340812489E-1,-2.285412228E-1,5.734070943E-1,1.471194538E2,1.399034359E2,-7.621971369E1,-2.639446606E0
1.169829833E0,2.838346533E-1,7.336226069E-1,-2.275628259E-1,5.739781314E-1,1.470215944E2,1.392230802E2,-7.625121206E1,-1.943627065E0
1.179852833E0,2.843113131E-1,7.332797845E-1,-2.269254812E-1,5.744324112E-1,1.469646263E2,1.387845195E2,-7.628191429E1,-1.489546431E0
1.189874833E0,2.844368159E-1,7.330632550E-1,-2.264945508E-1,5.748166324E-1,1.469496254E2,1.385512985E2,-7.631247915E1,-1.228120505E0
1.199897833E0,2.845565656E-1,7.329756949E-1,-2.261300438E-1,5.750124783E-1,1.469353116E2,1.383743590E2,-7.632052962E1,-1.029364226E0
1.209919833E0,2.847414638E-1,7.330358385E-1,-2.255945681E-1,5.750547516E-1,1.469132095E2,1.381618547E2,-7.629869831E1,-7.871426483E-1
1.219942833E0,2.850146702E-1,7.330987216E-1,-2.248845623E-1,5.751173712E-1,1.468805490E2,1.378682516E2,-7.627034745E1,-4.565998661E-1
1.229965833E0,2.855024673E-1,7.328676936E-1,-2.243144629E-1,5.753923478E-1,1.468222284E2,1.374756612E2,-7.627787487E1,-5.646556661E-2
1.239987833E0,2.859885153E-1,7.323720888E-1,-2.239280185E-1,5.759322384E-1,1.467641081E2,1.370679812E2,-7.633050454E1,3.449465847E-1
1.250010833E0,2.862653358E-1,7.317507179E-1,-2.236899309E-1,5.766766360E-1,1.467310027E2,1.367317944E2,-7.641839196E1,6.818469174E-1
1.260032833E0,2.864431007E-1,7.310243380E-1,-2.236633152E-1,5.775192464E-1,1.467097421E2,1.364594413E2,-7.653070294E1,9.461375786E-1
1.270055833E0,2.866272297E-1,7.301721498E-1,-2.238196589E-1,5.784446753E-1,1.466877190E2,1.362038353E2,-7.666396661E1,1.178039575E0
1.280078833E0,2.867681372E-1,7.293213524E-1,-2.239156905E-1,5.794101226E-1,1.466708647E2,1.359370483E2,-7.679930160E1,1.430202723E0
1.290100833E0,2.869433311E-1,7.284951056E-1,-2.237911044E-1,5.804100671E-1,1.466499082E2,1.355879968E2,-7.692696205E1,1.780553430E0
1.300123833E0,2.874188424E-1,7.276649391E-1,-2.236878868E-1,5.812555224E-1,1.465930224E2,1.351472462E2,-7.703384006E1,2.193512837E0
1.310145833E0,2.881149924E-1,7.268207167E-1,-2.239014238E-1,5.818845535E-1,1.465097261E2,1.347370392E2,-7.712800826E1,2.528236173E0
1.320168833E0,2.888358089E-1,7.259225674E-1,-2.245392742E-1,5.824024329E-1,1.464234591E2,1.344432144E2,-7.723074690E1,2.707619941E0
1.330191833E0,2.896597166E-1,7.249143094E-1,-2.256670606E-1,5.828128379E-1,1.463248303E2,1.342489262E2,-7.734634315E1,2.735938981E0
1.340213833E0,2.905695195E-1,7.238542318E-1,-2.272082023E-1,5.830788477E-1,1.462158892E2,1.341557139E2,-7.746609023E1,2.619575733E0
1.350236833E0,2.914575431E-1,7.228983202E-1,-2.291449554E-1,5.830636011E-1,1.461095257E2,1.342475226E2,-7.757099497E1,2.284547619E0
1.360258833E0,2.922637701E-1,7.223207609E-1,-2.316873165E-1,5.823706647E-1,1.460129333E2,1.347150483E2,-7.761927445E1,1.525144450E0
1.370281833E0,2.927323166E-1,7.223755729E-1,-2.348393739E-1,5.808026755E-1,1.459567863E2,1.357192193E2,-7.758218913E1,2.011578487E-1
1.380304833E0,2.928726340E-1,7.226195399E-1,-2.382302354E-1,5.790447621E-1,1.459399701E2,1.369675447E2,-7.752765229E1,-1.360286835E0
1.390326833E0,2.931458510E-1,7.221078982E-1,-2.413997416E-1,5.782316440E-1,1.459072245E2,1.378718570E2,-7.758657577E1,-2.565179769E0
1.400349833E0,2.936547742E-1,7.204736542E-1,-2.442189865E-1,5.788278955E-1,1.458462215E2,1.382723530E2,-7.782082549E1,-3.248661338E0
1.410371833E0,2.942168129E-1,7.179418719E-1,-2.470159567E-1,5.804989653E-1,1.457788400E2,1.384184466E2,-7.820396071E1,-3.674400431E0
1.420394833E0,2.945820048E-1,7.149176037E-1,-2.498911936E-1,5.828110256E-1,1.457350515E2,1.385487537E2,-7.868129042E1,-4.070555031E0
1.430417833E0,2.947355458E-1,7.116673231E-1,-2.528118859E-1,5.854458358E-1,1.457166396E2,1.387404858E2,-7.920715407E1,-4.512381713E0
1.440439833E0,2.947789360E-1,7.082632696E-1,-2.554848601E-1,5.883842508E-1,1.457114362E2,1.388567221E2,-7.976428019E1,-4.846951600E0
1.450462833E0,2.948065316E-1,7.046495146E-1,-2.577693036E-1,5.917035364E-1,1.457081269E2,1.387583103E2,-8.035726245E1,-4.930980762E0
1.460484833E0,2.948476143E-1,7.009638148E-1,-2.597279941E-1,5.951941068E-1,1.457032002E2,1.384676540E2,-8.096019477E1,-4.796045757E0
1.470507833E0,2.947156314E-1,6.975932470E-1,-2.612859945E-1,5.985282386E-1,1.457190276E2,1.381349276E2,-8.152048579E1,-4.571001932E0
1.480529833E0,2.942285824E-1,6.948939100E-1,-2.625257019E-1,6.013586524E-1,1.457774289E2,1.380323581E2,-8.199094470E1,-4.520439969E0
1.490552833E0,2.934434288E-1,6.930541790E-1,-2.638966757E-1,6.032622991E-1,1.458715560E2,1.385209152E2,-8.233480378E1,-5.050656723E0
1.500575833E0,2.923835515E-1,6.922514079E-1,-2.659587102E-1,6.037929806E-1,1.459985804E2,1.400611706E2,-8.251411479E1,-6.674363241E0
1.510597833E0,2.910156755E-1,6.926316568E-1,-2.689991839E-1,6.026698092E-1,1.461624544E2,1.428673518E2,-8.249011846E1,-9.629147747E0
1.520620833E0,2.893697989E-1,6.938845772E-1,-2.726280486E-1,6.003859137E-1,1.463595389E2,1.463768314E2,-8.229764812E1,-1.331971185E1
1.530642833E0,2.876974120E-1,6.952335925E-1,-2.759341528E-1,5.981144514E-1,1.465596929E2,1.495466684E2,-8.206677759E1,-1.664109515E1
1.540665833E0,2.866044283E-1,6.958212881E-1,-2.781049684E-1,5.969492070E-1,1.466904463E2,1.514899915E2,-8.195242373E1,-1.868342452E1
1.550688833E0,2.863944843E-1,6.952626949E-1,-2.787019153E-1,5.974221473E-1,1.467155567E2,1.518919361E2,-8.204126542E1,-1.911696588E1
1.560710833E0,2.873132540E-1,6.934632563E-1,-2.777199148E-1,5.995261496E-1,1.466056547E2,1.505636997E2,-8.234319802E1,-1.777410527E1
1.570733833E0,2.893964884E-1,6.905395926E-1,-2.753581107E-1,6.029782293E-1,1.463563438E2,1.473052678E2,-8.280975341E1,-1.447777008E1
1.580755833E0,2.926759979E-1,6.867373779E-1,-2.717739217E-1,6.073479514E-1,1.459635355E2,1.416839152E2,-8.334426362E1,-8.815320412E0
1.590778833E0,2.967645794E-1,6.827993450E-1,-2.671797466E-1,6.118258012E-1,1.454732410E2,1.338333673E2,-8.376641258E1,-9.096715757E-1
1.600801833E0,3.009426913E-1,6.799808798E-1,-2.624158251E-1,6.149776162E-1,1.449715357E2,1.258342042E2,-8.387435961E1,7.143895149E0
1.610823833E0,3.046994401E-1,6.791125283E-1,-2.581203447E-1,6.159045624E-1,1.445198352E2,1.201229128E2,-8.363470643E1,1.289722286E1
1.620846833E0,3.077913329E-1,6.805323292E-1,-2.546914036E-1,6.142250948E-1,1.441476475E2,1.178300288E2,-8.311257354E1,1.520669561E1
1.630868833E0,3.096723362E-1,6.843515712E-1,-2.519093955E-1,6.101700727E-1,1.439210299E2,1.186412409E2,-8.237616591E1,1.445494663E1
1.640891833E0,3.097276645E-1,6.903980424E-1,-2.487906973E-1,6.045845722E-1,1.439143619E2,1.212908223E2,-8.146397557E1,1.204867420E1
1.650914833E0,3.080326236E-1,6.982051560E-1,-2.444455258E-1,5.982240016E-1,1.441185856E2,1.244625838E2,-8.038781834E1,9.374532147E0
1.660936833E0,3.058763171E-1,7.072149932E-1,-2.397167969E-1,5.906119331E-1,1.443782140E2,1.276284232E2,-7.912059218E1,6.768797962E0
1.670959833E0,3.046674928E-1,7.170500025E-1,-2.369967657E-1,5.803874132E-1,1.445236788E2,1.309969922E2,-7.761915482E1,3.683129067E0
1.680981833E0,3.039604584E-1,7.273451078E-1,-2.368700934E-1,5.678642990E-1,1.446087329E2,1.345209451E2,-7.594544188E1,1.519367372E-1
1.691004833E0,3.025890104E-1,7.375940623E-1,-2.375920478E-1,5.549279034E-1,1.447736567E2,1.377318285E2,-7.424014595E1,-3.094646329E0
1.701026833E0,3.005431919E-1,7.469900911E-1,-2.372033064E-1,5.435201950E-1,1.450195372E2,1.400875655E2,-7.266675230E1,-5.329856831E0
1.711049833E0,2.984098448E-1,7.548389511E-1,-2.346799535E-1,5.348784473E-1,1.452757605E2,1.413847357E2,-7.136184396E1,-6.299123198E0
1.721072833E0,2.963876180E-1,7.607406057E-1,-2.301584396E-1,5.295803567E-1,1.455184726E2,1.418135236E2,-7.042073448E1,-6.211670082E0
1.731094833E0,2.946580588E-1,7.644526051E-1,-2.247051853E-1,5.275381101E-1,1.457259316E2,1.416504302E2,-6.988065252E1,-5.449381615E0
1.741117833E0,2.934232931E-1,7.660691686E-1,-2.191654246E-1,5.282115640E-1,1.458739696E2,1.410563158E2,-6.970342446E1,-4.267532712E0
1.751139833E0,2.927865702E-1,7.659057653E-1,-2.139230731E-1,5.309438283E-1,1.459502844E2,1.401042445E2,-6.981335526E1,-2.787753525E0
1.761162833E0,2.927819024E-1,7.642992749E-1,-2.089697437E-1,5.352167917E-1,1.459508438E2,1.387925377E2,-7.013514370E1,-1.016339780E0
1.771185833E0,2.933420235E-1,7.616704284E-1,-2.043683826E-1,5.404092940E-1,1.458837111E2,1.371749434E2,-7.058354540E1,9.870828222E-1
1.781207833E0,2.939634261E-1,7.588111862E-1,-2.002598235E-1,5.456071068E-1,1.458092194E2,1.355235243E2,-7.104318236E1,2.974683781E0
1.791230833E0,2.940543790E-1,7.564837951E-1,-1.967218063E-1,5.500588255E-1,1.457983151E2,1.341677131E2,-7.142634919E1,4.656933856E0
1.801252833E0,2.935456033E-1,7.549335287E-1,-1.936601117E-1,5.535359194E-1,1.458593083E2,1.331976355E2,-7.170662879E1,5.956942578E0
1.811275833E0,2.928115000E-1,7.537056856E-1,-1.906249696E-1,5.566427217E-1,1.459472967E2,1.323401865E2,-7.193843686E1,7.157984175E0
1.821298833E0,2.921083325E-1,7.523913151E-1,-1.872909642E-1,5.599127165E-1,1.460315579E2,1.313609808E2,-7.216929497E1,8.503415364E0
1.831320833E0,2.916658644E-1,7.509435497E-1,-1.837808272E-1,5.632401364E-1,1.460845695E2,1.302221341E2,-7.238818251E1,9.999549353E0
1.841343833E0,2.915936774E-1,7.496274512E-1,-1.804323654E-1,5.661059852E-1,1.460932174E2,1.290604676E2,-7.254695170E1,1.146812322E1
1.851365833E0,2.917450056E-1,7.489549771E-1,-1.773899319E-1,5.678768904E-1,1.460750882E2,1.281176680E2,-7.257958179E1,1.266441133E1
1.861388833E0,2.921298696E-1,7.490861381E-1,-1.745280766E-1,5.683925360E-1,1.460289774E2,1.274380850E2,-7.246244923E1,1.355308843E1
1.871408292E0,2.927349508E-1,7.498212424E-1,-1.715831288E-1,5.680084728E-1,1.459564706E2,1.269131430E2,-7.222569599E1,1.426853343E1
1.881430292E0,2.934642915E-1,7.508596143E-1,-1.683435956E-1,5.672292303E-1,1.458690552E2,1.264220527E2,-7.192010891E1,1.496093472E1
1.891453292E0,2.942740062E-1,7.520058821E-1,-1.649410384E-1,5.662900405E-1,1.457719826E2,1.259412863E2,-7.158305227E1,1.564818263E1
1.901475292E0,2.951579731E-1,7.531447110E-1,-1.615447400E-1,5.652946373E-1,1.456659793E2,1.254707575E2,-7.123746237E1,1.631741781E1
1.911498292E0,2.962613776E-1,7.542144824E-1,-1.580806062E-1,5.642697102E-1,1.455336190E2,1.249512667E2,-7.087868761E1,1.702144089E1
1.921520292E0,2.978557297E-1,7.551011467E-1,-1.545257092E-1,5.632282405E-1,1.453422826E2,1.243005585E2,-7.049996998E1,1.782038674E1
1.931543292E0,2.999851781E-1,7.558299078E-1,-1.507041280E-1,5.621550764E-1,1.450865742E2,1.234973266E2,-7.008605382E1,1.874609328E1
1.941566292E0,3.026945567E-1,7.565333598E-1,-1.466014484E-1,5.608399156E-1,1.447609669E2,1.225905482E2,-6.960939477E1,1.974513303E1
1.951588292E0,3.058307248E-1,7.572481493E-1,-1.422197988E-1,5.592998487E-1,1.443837015E2,1.216305418E2,-6.907487002E1,2.078029531E1
1.961611292E0,3.093462461E-1,7.579488617E-1,-1.376535460E-1,5.575571081E-1,1.439603267E2,1.206431152E2,-6.849174692E1,2.182207740E1
1.971633292E0,3.131799234E-1,7.585395919E-1,-1.330290252E-1,5.557331611E-1,1.434980553E2,1.196327731E2,-6.788273950E1,2.286149198E1
1.981656292E0,3.172785464E-1,7.590399593E-1,-1.286050391E-1,5.537629539E-1,1.430031550E2,1.186537011E2,-6.725928978E1,2.382696430E1
1.991679292E0,3.216392279E-1,7.596396036E-1,-1.245985807E-1,5.513357169E-1,1.424758251E2,1.177937967E2,-6.660430647E1,2.461047972E1
2.001701292E0,3.263415518E-1,7.603921777E-1,-1.208827460E-1,5.483541646E-1,1.419062554E2,1.170365282E2,-6.589893128E1,2.523086356E1
2.011724292E0,3.314726040E-1,7.610996126E-1,-1.171176416E-1,5.451025247E-1,1.412836381E2,1.162645701E2,-6.514810877E1,2.582731614E1
2.021746292E0,3.372012985E-1,7.613626511E-1,-1.131419715E-1,5.420525996E-1,1.405870930E2,1.153257216E2,-6.438249161E1,2.655315862E1
2.031769292E0,3.435340310E-1,7.608901006E-1,-1.088794921E-1,5.396070709E-1,1.398153335E2,1.141385003E2,-6.363342256E1,2.749822647E1
2.041792292E0,3.503788267E-1,7.595723373E-1,-1.045461217E-1,5.379170033E-1,1.389790248E2,1.127177853E2,-6.292799072E1,2.863891037E1
2.051814292E0,3.575987610E-1,7.575322190E-1,-1.003764919E-1,5.368358418E-1,1.380943985E2,1.111446881E2,-6.226751247E1,2.988558045E1
2.061837292E0,3.650528368E-1,7.551814575E-1,-9.652745200E-2,5.358356286E-1,1.371783312E2,1.095701664E2,-6.161601741E1,3.108260929E1
2.071859292E0,3.729222277E-1,7.529812445E-1,-9.322589970E-2,5.340948110E-1,1.362080962E2,1.081370712E2,-6.091019799E1,3.204459446E1
2.081882292E0,3.813216837E-1,7.510582102E-1,-9.020628874E-2,5.313831565E-1,1.351688503E2,1.068506517E2,-6.011124801E1,3.277440440E1
2.091904292E0,3.904145765E-1,7.489580749E-1,-8.677498736E-2,5.283069792E-1,1.340394040E2,1.055196062E2,-5.921747141E1,3.350873793E1
2.101927292E0,4.002456661E-1,7.460297962E-1,-8.242914152E-2,5.257835631E-1,1.328129257E2,1.039392748E2,-5.826437516E1,3.449550829E1
2.111950292E0,4.103146430E-1,7.420943553E-1,-7.687007757E-2,5.244320717E-1,1.315507966E2,1.020954300E2,-5.729228154E1,3.582490827E1
2.121972292E0,4.206637859E-1,7.374140320E-1,-7.074217867E-2,5.236966250E-1,1.302469957E2,1.001259044E2,-5.629232851E1,3.729623883E1
2.131995292E0,4.312761727E-1,7.324094520E-1,-6.452465451E-2,5.228898711E-1,1.289028469E2,9.818632614E1,-5.524476550E1,3.870898115E1
2.142017292E0,4.419483369E-1,7.276546342E-1,-5.855293076E-2,5.213176330E-1,1.275434822E2,9.645092551E1,-5.413827039E1,3.987413080E1
2.152040292E0,4.531228968E-1,7.232626376E-1,-5.378515282E-2,5.183414781E-1,1.261115540E2,9.495607911E1,-5.299058598E1,4.062660101E1
2.162063292E0,4.648331010E-1,7.188057559E-1,-5.081795146E-2,5.144569321E-1,1.246011577E2,9.357918125E1,-5.189052201E1,4.103930575E1
2.172085292E0,4.763626348E-1,7.138362631E-1,-4.890115494E-2,5.110040831E-1,1.231037836E2,9.217281423E1,-5.090812702E1,4.140375957E1
2.182108292E0,4.875032922E-1,7.078694284E-1,-4.694547795E-2,5.089768388E-1,1.216467762E2,9.058561340E1,-5.002728303E1,4.199142686E1
2.192130292E0,4.983734221E-1,7.011083996E-1,-4.472518197E-2,5.080064136E-1,1.202151106E2,8.886952297E1,-4.919296419E1,4.275405296E1
2.202153292E0,5.091456439E-1,6.940295835E-1,-4.244006414E-2,5.072399379E-1,1.187861235E2,8.714964500E1,-4.835663650E1,4.352409564E1
2.212176292E0,5.199041811E-1,6.867390005E-1,-4.041889094E-2,5.064143170E-1,1.173483512E2,8.545478893E1,-4.752540526E1,4.423426736E1
2.222198292E0,5.304182136E-1,6.794053014E-1,-3.934513676E-2,5.054868381E-1,1.159325676E2,8.382122648E1,-4.676912417E1,4.481700294E1
2.232221292E0,5.404454389E-1,6.722038169E-1,-3.963723549E-2,5.044696818E-1,1.145720661E2,8.227446721E1,-4.614176924E1,4.524030034E1
2.242243292E0,5.501570909E-1,6.650924002E-1,-4.149926218E-2,5.032466580E-1,1.132444185E2,8.079211751E1,-4.564920521E1,4.549185233E1
2.252266292E0,5.593283610E-1,6.582638100E-1,-4.481583984E-2,5.018288064E-1,1.119812757E2,7.940238631E1,-4.530045214E1,4.557911186E1
2.262288292E0,5.677421653E-1,6.518869286E-1,-4.997088410E-2,5.002152275E-1,1.108141406E2,7.812849145E1,-4.514619278E1,4.547451210E1
2.272311292E0,5.747188201E-1,6.462598607E-1,-5.685144141E-2,4.988129992E-1,1.098401133E2,7.701354396E1,-4.524084091E1,4.522818634E1
2.282334292E0,5.799537537E-1,6.413181216E-1,-6.482859651E-2,4.981585851E-1,1.091054200E2,7.602754718E1,-4.557369903E1,4.496503120E1
2.292356292E0,5.842557168E-1,6.358667218E-1,-7.265088300E-2,4.990395886E-1,1.084991456E2,7.491001560E1,-4.601640959E1,4.496372609E1
2.302379292E0,5.884769186E-1,6.289526788E-1,-7.871094654E-2,5.019143145E-1,1.079019999E2,7.345387096E1,-4.638571110E1,4.546669063E1
2.312401292E0,5.927963331E-1,6.207740196E-1,-8.194721338E-2,5.064748195E-1,1.072886068E2,7.170813630E1,-4.654950320E1,4.648444669E1
2.322424292E0,5.975760175E-1,6.113767897E-1,-8.198931808E-2,5.122490431E-1,1.066070215E2,6.971758913E1,-4.641430796E1,4.795158062E1
2.332447292E0,6.028530242E-1,6.010977423E-1,-7.810715079E-2,5.187957447E-1,1.058509902E2,6.761172057E1,-4.587875159E1,4.978422806E1
2.342469292E0,6.084633019E-1,5.906996723E-1,-7.007065294E-2,5.252964483E-1,1.050430551E2,6.562636091E1,-4.489871800E1,5.177380597E1
2.352492292E0,6.141575439E-1,5.809722428E-1,-5.891136864E-2,5.308589551E-1,1.042185372E2,6.396776978E1,-4.356605285E1,5.365334845E1
2.362514292E0,6.199814719E-1,5.719468956E-1,-4.650508553E-2,5.351047522E-1,1.033704371E2,6.262632198E1,-4.204912955E1,5.527465892E1
2.372537292E0,6.255440735E-1,5.640622318E-1,-3.451228408E-2,5.379008821E-1,1.025557357E2,6.161362044E1,-4.054137973E1,5.654466410E1
2.382560292E0,6.301949835E-1,5.581130988E-1,-2.364794342E-2,5.392632316E-1,1.018709809E2,6.099253596E1,-3.917901100E1,5.743248118E1
2.392582292E0,6.345056578E-1,5.540160036E-1,-1.402822028E-2,5.387689544E-1,1.012333407E2,6.071983445E1,-3.793558892E1,5.790453221E1
2.402605292E0,6.391924295E-1,5.521634810E-1,-4.978743994E-3,5.352792375E-1,1.005367453E2,6.088365976E1,-3.669020318E1,5.783368610E1
2.412627292E0,6.449830061E-1,5.530178609E-1,3.885475817E-3,5.274022233E-1,9.967119733E1,6.157675406E1,-3.533201514E1,5.705532555E1
2.422650292E0,6.520517069E-1,5.568989113E-1,1.140270342E-2,5.143560036E-1,9.860705802E1,6.278802685E1,-3.391885994E1,5.545008085E1
2.432672292E0,6.597579895E-1,5.633590749E-1,1.605767533E-2,4.970795204E-1,9.743716338E1,6.434297052E1,-3.260743886E1,5.314040984E1
2.442695292E0,6.664035360E-1,5.722872104E-1,1.801290978E-2,4.775659510E-1,9.641981772E1,6.617998916E1,-3.150695348E1,5.042095421E1
2.452718292E0,6.702040016E-1,5.846857806E-1,1.806940763E-2,4.567743206E-1,9.583437661E1,6.847427303E1,-3.065840267E1,4.741833799E1
2.462740292E0,6.706852870E-1,6.011474124E-1,1.606191109E-2,4.342176960E-1,9.576004473E1,7.135843000E1,-3.003392668E1,4.403423350E1
2.472763292E0,6.721569812E-1,6.150593284E-1,1.105625633E-2,4.120495390E-1,9.553247856E1,7.378133754E1,-2.947256470E1,4.068378528E1
2.482785292E0,6.727858649E-1,6.276893692E-1,4.172053314E-3,3.915967166E-1,9.543510994E1,7.596311093E1,-2.907724967E1,3.751013188E1
2.492808292E0,6.711314746E-1,6.385809578E-1,2.184155057E-3,3.765530312E-1,9.569109454E1,7.788017144E1,-2.855404347E1,3.535211419E1
2.502831292E0,6.695604403E-1,6.437235898E-1,1.095251186E-2,3.703901188E-1,9.593370313E1,7.888187632E1,-2.752857782E1,3.511536313E1
2.512853292E0,6.684247303E-1,6.447602969E-1,2.628210038E-2,3.698672661E-1,9.610879830E1,7.925942156E1,-2.621982224E1,3.608236151E1
2.522876292E0,6.667364961E-1,6.450083100E-1,3.961953381E-2,3.712909866E-1,9.636863413E1,7.950460805E1,-2.522284085E1,3.714129431E1
2.532898292E0,6.643474020E-1,6.458444403E-1,4.661508880E-2,3.733021921E-1,9.673544137E1,7.975277355E1,-2.485056553E1,3.780485537E1
2.542921292E0,6.622333477E-1,6.470967074E-1,4.826652877E-2,3.746774121E-1,9.705915237E1,7.997683426E1,-2.489632473E1,3.802126909E1
2.552944292E0,6.609775507E-1,6.486869502E-1,4.747088056E-2,3.742464922E-1,9.725106192E1,8.022217209E1,-2.501043136E1,3.787118950E1
2.562966292E0,6.604114975E-1,6.504460543E-1,4.566436127E-2,3.724127882E-1,9.733747304E1,8.048691633E1,-2.509714629E1,3.750060423E1
2.572989292E0,6.600606987E-1,6.519277478E-1,4.300445258E-2,3.707569755E-1,9.739099563E1,8.069204867E1,-2.525466773E1,3.709699753E1
2.583011292E0,6.595605526E-1,6.527376838E-1,4.040879677E-2,3.705139041E-1,9.746726671E1,8.078161857E1,-2.549248308E1,3.686357727E1
2.593034292E0,6.588079469E-1,6.531504911E-1,3.881608844E-2,3.712949168E-1,9.758195342E1,8.081758131E1,-2.571393470E1,3.681797923E1
2.603056292E0,6.583960668E-1,6.533578747E-1,3.786262136E-2,3.717587218E-1,9.764467570E1,8.083292039E1,-2.584421700E1,3.679155786E1
2.613079292E0,6.581419318E-1,6.535046511E-1,3.770328520E-2,3.719669167E-1,9.768336113E1,8.085307397E1,-2.588307192E1,3.679673637E1
2.623102292E0,6.576937001E-1,6.539239279E-1,3.842285834E-2,3.719493415E-1,9.775156492E1,8.093392543E1,-2.584335311E1,3.683132684E1
2.633124292E0,6.570585787E-1,6.550681516E-1,3.910228662E-2,3.709863387E-1,9.784814556E1,8.113979898E1,-2.576351382E1,3.674207844E1
2.643147292E0,6.565365584E-1,6.572349000E-1,3.783954596E-2,3.681988199E-1,9.792747423E1,8.149492780E1,-2.574076897E1,3.629559799E1
2.653169292E0,6.561314429E-1,6.597689372E-1,3.428542867E-2,3.647206090E-1,9.798900456E1,8.188238822E1,-2.586620748E1,3.560368814E1
2.663192292E0,6.555084281E-1,6.615188322E-1,3.074146876E-2,3.629828102E-1,9.808357416E1,8.213436453E1,-2.609988361E1,3.511385200E1
2.673215292E0,6.547154352E-1,6.621976072E-1,2.879420007E-2,3.633359586E-1,9.820384747E1,8.221988556E1,-2.632717832E1,3.498558888E1
2.683237292E0,6.537684166E-1,6.624674945E-1,2.800164965E-2,3.646088567E-1,9.834733877E1,8.224734960E1,-2.651741732E1,3.504726120E1
2.693260292E0,6.526857589E-1,6.625028978E-1,2.740468169E-2,3.665245047E-1,9.851119202E1,8.223423542E1,-2.673558751E1,3.519645452E1
2.703282292E0,6.516475977E-1,6.626200661E-1,2.593763419E-2,3.682623878E-1,9.866812167E1,8.222486047E1,-2.701551144E1,3.526252578E1
2.713305292E0,6.510433699E-1,6.634956247E-1,2.305103868E-2,3.679465499E-1,9.875937248E1,8.233940536E1,-2.727407314E1,3.499039735E1
2.723327292E0,6.512109247E-1,6.648177503E-1,2.011038984E-2,3.654277067E-1,9.873407451E1,8.254499933E1,-2.736732756E1,3.447399500E1
2.733350292E0,6.518880771E-1,6.662780754E-1,1.800091900E-2,3.616509908E-1,9.863178697E1,8.279266483E1,-2.728720382E1,3.388603056E1
2.743373292E0,6.527522034E-1,6.675191525E-1,1.639442865E-2,3.578602717E-1,9.850114189E1,8.300910313E1,-2.715209792E1,3.334283213E1
2.753395292E0,6.532207077E-1,6.678966408E-1,1.578605996E-2,3.563251149E-1,9.843025623E1,8.307597448E1,-2.708765766E1,3.313106160E1
2.763418292E0,6.525378866E-1,6.679204116E-1,1.655814808E-2,3.574948164E-1,9.853355586E1,8.308095780E1,-2.712585231E1,3.330328255E1
2.773440292E0,6.516081799E-1,6.677972374E-1,1.810584358E-2,3.593407956E-1,9.867407648E1,8.306500622E1,-2.715104048E1,3.360536477E1
2.783463292E0,6.512137380E-1,6.680580211E-1,1.916543642E-2,3.595159895E-1,9.873364971E1,8.311907885E1,-2.709025493E1,3.369057610E1
2.793486292E0,6.513191262E-1,6.692689422E-1,1.913568075E-2,3.570662250E-1,9.871773535E1,8.333793177E1,-2.693759687E1,3.339908616E1
2.803508292E0,6.517324604E-1,6.711296202E-1,1.845030977E-2,3.528305932E-1,9.865530066E1,8.366979889E1,-2.671422549E1,3.285963443E1
2.813531292E0,6.519856576E-1,6.734792438E-1,1.719427047E-2,3.479147745E-1,9.861704044E1,8.408275152E1,-2.650051921E1,3.219574277E1
2.823553292E0,6.521646447E-1,6.755260633E-1,1.581058943E-2,3.436505776E-1,9.858998736E1,8.444007215E1,-2.633812551E1,3.160020982E1
2.833576292E0,6.522447132E-1,6.769377088E-1,1.487360177E-2,3.407507164E-1,9.857788359E1,8.468670263E1,-2.622718749E1,3.119605783E1
2.843599292E0,6.521888159E-1,6.780453069E-1,1.468130677E-2,3.386572929E-1,9.858633357E1,8.488363100E1,-2.611026222E1,3.093811427E1
2.853621292E0,6.524180526E-1,6.788458652E-1,1.527690496E-2,3.365793269E-1,9.855167651E1,8.503336892E1,-2.591498946E1,3.075318356E1
2.863644292E0,6.530024503E-1,6.793468437E-1,1.606692656E-2,3.343912416E-1,9.846328373E1,8.513320601E1,-2.568046164E1,3.058418468E1
2.873668292E0,6.532163034E-1,6.799723872E-1,1.646361270E-2,3.326784780E-1,9.843092279E1,8.524952048E1,-2.552569044E1,3.042729355E1
2.883691292E0,6.529242995E-1,6.805518643E-1,1.637636872E-2,3.320706467E-1,9.847510779E1,8.535039317E1,-2.550548733E1,3.034158890E1
2.893713292E0,6.524442469E-1,6.810530957E-1,1.539318811E-2,3.320336417E-1,9.854771576E1,8.542950986E1,-2.560590463E1,3.024534428E1
2.903736292E0,6.517578328E-1,6.818848426E-1,1.405180144E-2,3.317339039E-1,9.865146718E1,8.556444021E1,-2.572752403E1,3.008445179E1
2.913759292E0,6.513265968E-1,6.830170334E-1,1.329159873E-2,3.302799114E-1,9.871660717E1,8.575944985E1,-2.571272946E1,2.984640078E1
2.923781292E0,6.514366106E-1,6.845986150E-1,1.263918659E-2,3.267956209E-1,9.869999215E1,8.603918038E1,-2.552979496E1,2.940774422E1
2.933804292E0,6.515384057E-1,6.867370407E-1,1.165444655E-2,3.221089229E-1,9.868461652E1,8.641644749E1,-2.529136582E1,2.881183381E1
2.943826292E0,6.511731928E-1,6.889389817E-1,1.100759779E-2,3.181438001E-1,9.873977182E1,8.680449154E1,-2.508913083E1,2.831026912E1
2.953849292E0,6.505036163E-1,6.908437875E-1,1.048647308E-2,3.153886922E-1,9.884083369E1,8.713889383E1,-2.496886221E1,2.794407299E1
2.963872292E0,6.496898660E-1,6.926562706E-1,9.368275046E-3,3.131177147E-1,9.896355363E1,8.745410592E1,-2.493519801E1,2.758052329E1
2.973894292E0,6.487092985E-1,6.945411830E-1,8.122350984E-3,3.110028490E-1,9.911128189E1,8.778220337E1,-2.492746016E1,2.721902864E1
2.983917292E0,6.478261640E-1,6.961079289E-1,7.636671775E-3,3.093489119E-1,9.924419248E1,8.805741832E1,-2.488422021E1,2.697154551E1
2.993939292E0,6.470824091E-1,6.973866010E-1,7.847848560E-3,3.080172716E-1,9.935602500E1,8.828418777E1,-2.480036256E1,2.681950484E1
3.003962292E0,6.465607997E-1,6.982196335E-1,8.290727644E-3,3.072130255E-1,9.943440003E1,8.843284367E1,-2.472625953E1,2.675066513E1
3.013985292E0,6.460735295E-1,6.988514780E-1,8.447914316E-3,3.067967516E-1,9.950757437E1,8.854486473E1,-2.470174726E1,2.670211330E1
3.024007292E0,6.456139813E-1,6.993988391E-1,8.058688170E-3,3.065270750E-1,9.957654940E1,8.864029587E1,-2.473132767E1,2.662669753E1
3.034030292E0,6.452594525E-1,7.000399559E-1,6.857524060E-3,3.058385535E-1,9.962973777E1,8.875063339E1,-2.479347191E1,2.644513754E1
3.044052292E0,6.452734664E-1,7.008626413E-1,4.678173744E-3,3.039602160E-1,9.962763573E1,8.889258136E1,-2.483656467E1,2.607071599E1
3.054075292E0,6.458554827E-1,7.014665846E-1,2.335082921E-3,3.013468058E-1,9.954030607E1,8.899760820E1,-2.481900551E1,2.562459731E1
3.064098292E0,6.468384421E-1,7.015273603E-1,8.696791456E-4,2.990965751E-1,9.939268821E1,8.900840235E1,-2.474142244E1,2.530178742E1
3.074120292E0,6.480341798E-1,7.009811372E-1,2.332828065E-5,2.977873780E-1,9.921289819E1,8.891222002E1,-2.467410542E1,2.513598700E1
3.084143292E0,6.491527677E-1,7.002515120E-1,-1.020080175E-3,2.970647176E-1,9.904449079E1,8.878345452E1,-2.466830321E1,2.501407844E1
3.094165292E0,6.502805225E-1,6.993367568E-1,-1.922992110E-3,2.967486268E-1,9.887448918E1,8.862217263E1,-2.468034643E1,2.494695099E1
3.104188292E0,6.514368002E-1,6.981316309E-1,-1.757038894E-3,2.970508829E-1,9.869996350E1,8.841004200E1,-2.464850863E1,2.503170563E1
3.114211292E0,6.525406473E-1,6.967471069E-1,-8.795415081E-4,2.978814920E-1,9.853313838E1,8.816689678E1,-2.459768209E1,2.522736214E1
3.124233292E0,6.532395052E-1,6.957046046E-1,-2.435877110E-4,2.987863216E-1,9.842741134E1,8.798395130E1,-2.458560117E1,2.539797371E1
3.134256292E0,6.535208354E-1,6.951408484E-1,2.946696914E-4,2.994824611E-1,9.838482641E1,8.788515880E1,-2.458103675E1,2.552444801E1
3.144278292E0,6.538348927E-1,6.948446824E-1,1.327604655E-3,2.994814706E-1,9.833727144E1,8.783512209E1,-2.448469435E1,2.561666283E1
3.154301292E0,6.542244982E-1,6.952220443E-1,2.533320623E-3,2.977419016E-1,9.827825315E1,8.790573627E1,-2.424747971E1,2.553976574E1
3.164324292E0,6.550237710E-1,6.960246045E-1,3.368797601E-3,2.940788347E-1,9.815709516E1,8.805223180E1,-2.388855315E1,2.524446448E1
3.174346292E0,6.558336859E-1,6.971102020E-1,4.384009815E-3,2.896555862E-1,9.803421060E1,8.824862885E1,-2.345903955E1,2.488684840E1
3.184369292E0,6.564368916E-1,6.984505139E-1,5.633748167E-3,2.850012254E-1,9.794261462E1,8.848915503E1,-2.299943831E1,2.452132274E1
3.194391292E0,6.571461809E-1,6.997579513E-1,6.381011791E-3,2.801016964E-1,9.783482842E1,8.872205313E1,-2.255811120E1,2.409839422E1
3.204414292E0,6.575621492E-1,7.013798885E-1,6.095171865E-3,2.750294285E-1,9.777157522E1,8.900624302E1,-2.219650516E1,2.357078474E1
3.214436292E0,6.581023454E-1,7.028119120E-1,5.185937902E-3,2.700551310E-1,9.768938610E1,8.925550208E1,-2.188656262E1,2.301131230E1
3.224459292E0,6.590068168E-1,7.037765480E-1,4.561511267E-3,2.653067828E-1,9.755165817E1,8.942364540E1,-2.155666671E1,2.251213845E1
3.234482292E0,6.600988838E-1,7.042924043E-1,4.679122048E-3,2.611890778E-1,9.738517067E1,8.951444124E1,-2.120645478E1,2.214409536E1
3.244504292E0,6.612330133E-1,7.041250181E-1,5.486466005E-3,2.587444342E-1,9.721204536E1,8.948744766E1,-2.092350358E1,2.200018110E1
3.254527292E0,6.621515617E-1,7.034465592E-1,6.506482959E-3,2.582168399E-1,9.707165945E1,8.937241252E1,-2.077303326E1,2.205664285E1
3.264550292E0,6.628874457E-1,7.026279831E-1,7.421828215E-3,2.585325198E-1,9.695908125E1,8.923327535E1,-2.069937824E1,2.218247929E1
3.274572292E0,6.636231189E-1,7.019094636E-1,8.639113494E-3,2.585592831E-1,9.684643732E1,8.911273359E1,-2.057934539E1,2.230383141E1
3.284595292E0,6.647275350E-1,7.011978984E-1,1.003969542E-2,2.576006109E-1,9.667714797E1,8.899515243E1,-2.035957671E1,2.235268187E1
3.294617292E0,6.660675519E-1,7.005587204E-1,1.133240248E-2,2.558185578E-1,9.647144547E1,8.889099249E1,-2.008022474E1,2.231798961E1
3.304640292E0,6.673323366E-1,7.001387692E-1,1.240672565E-2,2.536125496E-1,9.627698871E1,8.882448615E1,-1.978972220E1,2.222200001E1
3.314663292E0,6.685460394E-1,6.999552407E-1,1.282534922E-2,2.508870394E-1,9.609010725E1,8.879652775E1,-1.951603902E1,2.202155307E1
3.324685292E0,6.697186490E-1,7.000053955E-1,1.277140126E-2,2.476011025E-1,9.590929257E1,8.880691676E1,-1.924071964E1,2.172826130E1
3.334708292E0,6.711764242E-1,6.999700764E-1,1.270135319E-2,2.437270484E-1,9.568414632E1,8.880305861E1,-1.891430301E1,2.138528356E1
3.344730292E0,6.728865748E-1,6.997513343E-1,1.260981024E-2,2.396095542E-1,9.541951027E1,8.876823905E1,-1.856403146E1,2.102499554E1
3.354753292E0,6.744665337E-1,6.995201588E-1,1.254486195E-2,2.358157900E-1,9.517452565E1,8.873132153E1,-1.823973279E1,2.069586641E1
3.364775292E0,6.760254824E-1,6.990029116E-1,1.294932418E-2,2.328453433E-1,9.493232897E1,8.864758253E1,-1.793940490E1,2.048333025E1
3.374798292E0,6.774913287E-1,6.983891060E-1,1.364101718E-2,2.303738732E-1,9.470416742E1,8.854876479E1,-1.765578865E1,2.033927567E1
3.384821292E0,6.789218770E-1,6.977240076E-1,1.424761570E-2,2.281298907E-1,9.448109590E1,8.844131910E1,-1.739739263E1,2.020923804E1
3.394843292E0,6.803353980E-1,6.968109172E-1,1.518717432E-2,2.266442143E-1,9.426028442E1,8.829378860E1,-1.716902576E1,2.017714485E1
3.404866292E0,6.815527887E-1,6.958003833E-1,1.665415860E-2,2.259873767E-1,9.406979417E1,8.813257383E1,-1.696472165E1,2.026053281E1
3.414888292E0,6.825770835E-1,6.946854938E-1,1.873387377E-2,2.261630869E-1,9.390928969E1,8.795759167E1,-1.677713911E1,2.046646596E1
3.424911292E0,6.833932994E-1,6.935984212E-1,2.132331292E-2,2.268042248E-1,9.378124021E1,8.779145787E1,-1.658740429E1,2.075161517E1
3.434934292E0,6.840950023E-1,6.926436265E-1,2.405409153E-2,2.273330413E-1,9.367104858E1,8.765042039E1,-1.638026401E1,2.103418891E1
3.444956292E0,6.844230734E-1,6.922724392E-1,2.635467725E-2,2.272210149E-1,9.361949597E1,8.760537527E1,-1.617202442E1,2.121310712E1
3.454979292E0,6.845822831E-1,6.925225597E-1,2.788273232E-2,2.257924264E-1,9.359447014E1,8.765941589E1,-1.593559510E1,2.120243864E1
3.465002292E0,6.849262224E-1,6.929694216E-1,2.918100277E-2,2.231993627E-1,9.354038952E1,8.774553329E1,-1.562660306E1,2.106829763E1
3.475024292E0,6.854473261E-1,6.933088934E-1,3.058042565E-2,2.203396990E-1,9.345840606E1,8.781514737E1,-1.528404273E1,2.092196144E1
3.485047292E0,6.857281716E-1,6.935768631E-1,3.207343562E-2,2.184019766E-1,9.341419868E1,8.787321501E1,-1.500894244E1,2.086517740E1
3.495069292E0,6.852809514E-1,6.940423540E-1,3.324745715E-2,2.181509921E-1,9.348458722E1,8.795997544E1,-1.490661470E1,2.092584903E1
3.505092292E0,6.843068324E-1,6.945554286E-1,3.410196343E-2,2.194401167E-1,9.363776440E1,8.805085000E1,-1.496056915E1,2.109401811E1
3.515115292E0,6.830089834E-1,6.952630531E-1,3.504573674E-2,2.210877845E-1,9.384154910E1,8.817459985E1,-1.504367271E1,2.129617404E1
3.525137292E0,6.821805871E-1,6.958023010E-1,3.533695039E-2,2.219014294E-1,9.397144459E1,8.826558616E1,-1.510487693E1,2.137822112E1
3.535160292E0,6.818521999E-1,6.961407613E-1,3.464934563E-2,2.219575479E-1,9.402289885E1,8.831525299E1,-1.517546554E1,2.132178980E1
3.545182292E0,6.818535697E-1,6.961534053E-1,3.412310008E-2,2.219948690E-1,9.402268427E1,8.831267665E1,-1.522148659E1,2.128331107E1
3.555205292E0,6.822160747E-1,6.956700231E-1,3.405132400E-2,2.224071073E-1,9.396588282E1,8.823194503E1,-1.524714821E1,2.132367766E1
3.565228292E0,6.825213022E-1,6.947799660E-1,3.416217021E-2,2.242286098E-1,9.391803590E1,8.808471064E1,-1.536376041E1,2.150947435E1
3.575250292E0,6.820556217E-1,6.937886089E-1,3.456355572E-2,2.286109969E-1,9.399102769E1,8.792123651E1,-1.566824641E1,2.194376536E1
3.585273292E0,6.807957681E-1,6.928579222E-1,3.521885492E-2,2.349994476E-1,9.418828299E1,8.776794847E1,-1.612231119E1,2.257384972E1
3.595295292E0,6.790631322E-1,6.923971307E-1,3.516638209E-2,2.412940584E-1,9.445904761E1,8.768514626E1,-1.664148945E1,2.313262424E1
3.605318292E0,6.771293505E-1,6.924623740E-1,3.478798769E-2,2.465391494E-1,9.476054882E1,8.768697067E1,-1.711713984E1,2.356343056E1
3.615341292E0,6.750965237E-1,6.929862382E-1,3.513487732E-2,2.505598745E-1,9.507670746E1,8.777298065E1,-1.744740619E1,2.393272582E1
3.625363292E0,6.732681934E-1,6.938114103E-1,3.538183678E-2,2.531478595E-1,9.536038110E1,8.790999188E1,-1.767580949E1,2.416038154E1
3.635386292E0,6.715473376E-1,6.949327904E-1,3.434913363E-2,2.547797012E-1,9.562679665E1,8.808593254E1,-1.793726091E1,2.419574105E1
3.645408292E0,6.698273668E-1,6.963329509E-1,3.176270797E-2,2.558179888E-1,9.589251542E1,8.829670846E1,-1.828343362E1,2.404886038E1
3.655431292E0,6.682800928E-1,6.979051969E-1,2.787078369E-2,2.560335910E-1,9.613108014E1,8.853002528E1,-1.867038580E1,2.372054379E1
3.665454292E0,6.670355807E-1,6.992034884E-1,2.410192820E-2,2.561192334E-1,9.632264055E1,8.872308005E1,-1.902648800E1,2.339568765E1
3.675476292E0,6.661306668E-1,6.996458828E-1,2.203612150E-2,2.574492405E-1,9.646174874E1,8.878437041E1,-1.932272663E1,2.333704425E1
3.685499292E0,6.654932800E-1,6.991273502E-1,2.147004717E-2,2.605354434E-1,9.655964076E1,8.869091292E1,-1.961623938E1,2.357849908E1
3.695521292E0,6.644541494E-1,6.982034491E-1,2.165191082E-2,2.656009467E-1,9.671907431E1,8.853117599E1,-2.000569783E1,2.406680238E1
3.705544292E0,6.626011843E-1,6.974151977E-1,2.202476292E-2,2.721885202E-1,9.700288618E1,8.839368293E1,-2.051603777E1,2.470418797E1
3.715567292E0,6.609091148E-1,6.966465867E-1,2.129682363E-2,2.782608274E-1,9.726151209E1,8.825223214E1,-2.107246319E1,2.521201454E1
3.725589292E0,6.598344966E-1,6.961400237E-1,1.890284048E-2,2.822237691E-1,9.742549644E1,8.814717578E1,-2.159164892E1,2.539476052E1
3.735612292E0,6.596218868E-1,6.954407864E-1,1.657214083E-2,2.845814006E-1,9.745791579E1,8.801189704E1,-2.195982250E1,2.544567929E1
3.745634292E0,6.598214732E-1,6.945691053E-1,1.571934150E-2,2.862905607E-1,9.742748251E1,8.785588073E1,-2.214508649E1,2.556062642E1
3.755657292E0,6.600575166E-1,6.935813728E-1,1.587551665E-2,2.881267935E-1,9.739148103E1,8.768492685E1,-2.225449615E1,2.577052904E1
3.765680292E0,6.598743464E-1,6.924667151E-1,1.649739340E-2,2.911762023E-1,9.741941912E1,8.749288157E1,-2.242583640E1,2.613167309E1
3.775702292E0,6.589804328E-1,6.911906350E-1,1.767813736E-2,2.961212710E-1,9.755567783E1,8.727317611E1,-2.270915254E1,2.671585144E1
3.785725292E0,6.575147762E-1,6.902800102E-1,1.884130608E-2,3.013848644E-1,9.777878042E1,8.711506934E1,-2.303560145E1,2.731848806E1
3.795747292E0,6.563230530E-1,6.898550224E-1,1.963381435E-2,3.048847177E-1,9.795990574E1,8.704081815E1,-2.325850624E1,2.771614251E1
3.805770292E0,6.558385644E-1,6.900007873E-1,1.995453079E-2,3.055757258E-1,9.803347006E1,8.706664291E1,-2.329847651E1,2.779985513E1
3.815792292E0,6.557568733E-1,6.904397256E-1,2.055299497E-2,3.047188066E-1,9.804586993E1,8.714763213E1,-2.319267524E1,2.775266946E1
3.825815292E0,6.556331196E-1,6.903714478E-1,2.273038546E-2,3.049849323E-1,9.806465223E1,8.715096985E1,-2.303542533E1,2.794810785E1
3.835838292E0,6.552427871E-1,6.897405516E-1,2.608489528E-2,3.069761707E-1,9.812387616E1,8.706555459E1,-2.290995187E1,2.841170670E1
3.845860292E0,6.546560608E-1,6.886839512E-1,3.036033481E-2,3.101905001E-1,9.821284838E1,8.691670565E1,-2.279873817E1,2.907259801E1
3.855883292E0,6.543122690E-1,6.874384907E-1,3.487082732E-2,3.131898806E-1,9.826495381E1,8.674371102E1,-2.264155113E1,2.973693811E1
3.865906292E0,6.547086390E-1,6.864486930E-1,3.764470108E-2,3.142096447E-1,9.820487777E1,8.660400592E1,-2.246289092E1,3.007521721E1
3.875926667E0,6.557358420E-1,6.859835183E-1,3.808821237E-2,3.130279313E-1,9.804906207E1,8.653285189E1,-2.230348233E1,3.001356657E1
3.885949667E0,6.572711990E-1,6.856029744E-1,3.696866563E-2,3.107676485E-1,9.781582105E1,8.646076201E1,-2.218074225E1,2.972959377E1
3.895971667E0,6.589087937E-1,6.847994026E-1,3.522446045E-2,3.092704871E-1,9.756659159E1,8.630920742E1,-2.215769620E1,2.948207000E1
3.905994667E0,6.605165696E-1,6.829194424E-1,3.408468323E-2,3.101242558E-1,9.732143754E1,8.597807191E1,-2.224406678E1,2.953281857E1
3.916017667E0,6.622767379E-1,6.794334344E-1,3.451546616E-2,3.139562157E-1,9.705251645E1,8.538726912E1,-2.238988302E1,3.003199372E1
3.926039667E0,6.641100309E-1,6.748714595E-1,3.623783928E-2,3.196765651E-1,9.677182886E1,8.462792037E1,-2.254130436E1,3.084248010E1
3.936062667E0,6.662096921E-1,6.695645391E-1,3.919068963E-2,3.260553326E-1,9.644960655E1,8.376291784E1,-2.260722537E1,3.183348161E1
3.946084667E0,6.689499538E-1,6.640335449E-1,4.218065028E-2,3.313399995E-1,9.602785325E1,8.287405088E1,-2.255736653E1,3.273014190E1
3.956107667E0,6.721527560E-1,6.593140462E-1,4.306335281E-2,3.341574531E-1,9.553313249E1,8.210488125E1,-2.250345250E1,3.320922251E1
3.966130667E0,6.755919283E-1,6.554543221E-1,4.120589904E-2,3.350481108E-1,9.499973256E1,8.144618194E1,-2.255317616E1,3.327721786E1
3.976152667E0,6.793910663E-1,6.518982661E-1,3.655187544E-2,3.348440147E-1,9.440784576E1,8.080280368E1,-2.276189632E1,3.303062930E1
3.986175667E0,6.834572046E-1,6.481622430E-1,2.904379370E-2,3.345569314E-1,9.377120900E1,8.009607245E1,-2.320324481E1,3.258295541E1
3.996197667E0,6.871335372E-1,6.437156662E-1,2.045831207E-2,3.362426895E-1,9.319274074E1,7.925876925E1,-2.387697744E1,3.228556265E1
4.006220667E0,6.908654826E-1,6.372685260E-1,1.369637707E-2,3.411834697E-1,9.260268317E1,7.810768015E1,-2.457766137E1,3.251949421E1
4.016243667E0,6.953542905E-1,6.285302199E-1,9.676663537E-3,3.483370543E-1,9.188908738E1,7.660827027E1,-2.511416638E1,3.326057390E1
4.026265667E0,7.010174677E-1,6.178934933E-1,7.666764625E-3,3.559822503E-1,9.098261463E1,7.483404041E1,-2.541484453E1,3.426804008E1
4.036288667E0,7.077608581E-1,6.063547398E-1,5.920915719E-3,3.624548471E-1,8.989395321E1,7.294690468E1,-2.554191323E1,3.521129959E1
4.046310667E0,7.152603841E-1,5.950628194E-1,1.357781798E-3,3.664711889E-1,8.867091471E1,7.109950970E1,-2.573468086E1,3.571552861E1
4.056333667E0,7.232541872E-1,5.845139057E-1,-8.905671237E-3,3.676515746E-1,8.735238023E1,6.932908824E1,-2.627481221E1,3.555454400E1
4.066355667E0,7.315491295E-1,5.745222577E-1,-2.618227557E-2,3.661617468E-1,8.596715853E1,6.760494146E1,-2.732539633E1,3.469138891E1
4.076378667E0,7.394937472E-1,5.651022053E-1,-4.992998058E-2,3.623747471E-1,8.462338312E1,6.598017690E1,-2.890791739E1,3.321416153E1
4.086401667E0,7.467996716E-1,5.556136642E-1,-7.849574473E-2,3.569623120E-1,8.337217831E1,6.442955468E1,-3.092445662E1,3.132070608E1
4.096423667E0,7.527608586E-1,5.465104296E-1,-1.106468991E-1,3.499066556E-1,8.233979740E1,6.309822656E1,-3.330094361E1,2.905093095E1
4.106446667E0,7.565108112E-1,5.385317151E-1,-1.460539397E-1,3.410914104E-1,8.168488640E1,6.218527877E1,-3.604070461E1,2.633970759E1
4.116468667E0,7.568389034E-1,5.325504346E-1,-1.842614171E-1,3.311081496E-1,8.162738092E1,6.192567832E1,-3.916649259E1,2.316023909E1
4.126491667E0,7.527247598E-1,5.289506301E-1,-2.247773934E-1,3.210792438E-1,8.234608104E1,6.250132651E1,-4.269232005E1,1.951872508E1
4.136514667E0,7.432467344E-1,5.280511636E-1,-2.679064004E-1,3.114040554E-1,8.398254617E1,6.420152384E1,-4.664513170E1,1.519712141E1
4.146536667E0,7.285275376E-1,5.287903983E-1,-3.137877337E-1,3.019366088E-1,8.647381207E1,6.723262824E1,-5.094380601E1,9.877190832E0
4.156559667E0,7.097514116E-1,5.288568270E-1,-3.614037205E-1,2.931734782E-1,8.957061381E1,7.158479870E1,-5.539705624E1,3.422202650E0
4.166581667E0,6.865652712E-1,5.284644609E-1,-4.092229237E-1,2.861641834E-1,9.328233693E1,7.776986807E1,-5.981103853E1,-4.514326379E0
4.176604667E0,6.603564853E-1,5.271233640E-1,-4.548552165E-1,2.813839932E-1,9.734586789E1,8.603710410E1,-6.381596260E1,-1.415430835E1
4.186627667E0,6.338982532E-1,5.246259722E-1,-4.952032599E-1,2.787728695E-1,1.013233644E2,9.600432002E1,-6.697289963E1,-2.513771405E1
4.196649667E0,6.089257503E-1,5.222761712E-1,-5.278148354E-1,2.790135175E-1,1.049762636E2,1.067401518E2,-6.910639935E1,-3.638004866E1
4.206672667E0,5.871506126E-1,5.208613815E-1,-5.510278066E-1,2.834185059E-1,1.080898667E2,1.165962599E2,-7.044423178E1,-4.610331305E1
4.216694667E0,5.685456028E-1,5.205490114E-1,-5.659068861E-1,2.924622502E-1,1.107022633E2,1.249646740E2,-7.143617688E1,-5.370972806E1
4.226717667E0,5.520008890E-1,5.197876365E-1,-5.759844004E-1,3.055452747E-1,1.129912182E2,1.325799121E2,-7.246348488E1,-6.019496780E1
4.236740667E0,5.370460703E-1,5.162702291E-1,-5.838521212E-1,3.227436545E-1,1.150344449E2,1.404119637E2,-7.381297811E1,-6.678085248E1
4.246762667E0,5.246207052E-1,5.084328225E-1,-5.899851936E-1,3.437829082E-1,1.167145744E2,1.490537637E2,-7.560801151E1,-7.425148535E1
4.256785667E0,5.166951695E-1,4.961490550E-1,-5.932827472E-1,3.672570064E-1,1.177783401E2,1.585966222E2,-7.782855496E1,-8.284085667E1
4.266807667E0,5.146706877E-1,4.806814250E-1,-5.924194850E-1,3.912781812E-1,1.180491083E2,1.692360456E2,-8.038838002E1,-9.278712897E1
4.276830667E0,5.162958966E-1,4.649886676E-1,-5.880372769E-1,4.140484956E-1,1.178317722E2,-1.768573559E2,-8.286589212E1,-1.061037876E2
4.286853667E0,5.192745987E-1,4.511866179E-1,-5.818233668E-1,4.338965265E-1,1.174327888E2,-1.566592230E2,-8.473991310E1,-1.257549075E2
4.296875667E0,5.235599112E-1,4.389996933E-1,-5.746434773E-1,4.504988550E-1,1.168573046E2,-1.283079118E2,-8.575627411E1,-1.536801068E2
4.306898667E0,5.288331642E-1,4.277533020E-1,-5.672011974E-1,4.643764557E-1,1.161466994E2,-9.718871498E1,-8.570122197E1,1.754771736E2
4.316920667E0,5.339293477E-1,4.174494986E-1,-5.607720275E-1,4.755944742E-1,1.154573370E2,-7.557330847E1,-8.480900793E1,1.539875959E2
4.326943667E0,5.375739122E-1,4.084779255E-1,-5.561114554E-1,4.846649396E-1,1.149627265E2,-6.443893717E1,-8.364330208E1,1.429115675E2
4.336966667E0,5.395098750E-1,4.014457923E-1,-5.531166004E-1,4.917645025E-1,1.146994397E2,-5.930166297E1,-8.259384311E1,1.378329211E2
4.346988667E0,5.408765998E-1,3.972739655E-1,-5.507439488E-1,4.962931946E-1,1.145133345E2,-5.638805599E1,-8.193018858E1,1.349934712E2
4.357011667E0,5.430313811E-1,3.957443300E-1,-5.488922271E-1,4.972129415E-1,1.142195250E2,-5.403001673E1,-8.175736077E1,1.325814929E2
4.367033667E0,5.444986815E-1,3.966409726E-1,-5.496866846E-1,4.940059035E-1,1.140191761E2,-5.390516443E1,-8.209327084E1,1.321950780E2
4.377056667E0,5.421157514E-1,4.009493973E-1,-5.552115411E-1,4.869192797E-1,1.143444326E2,-5.968435055E1,-8.294925518E1,1.376383167E2
4.387079667E0,5.343754853E-1,4.092574051E-1,-5.654934966E-1,4.766217062E-1,1.153968635E2,-7.594450904E1,-8.398453689E1,1.536432877E2
4.397101667E0,5.218078008E-1,4.206256430E-1,-5.788474200E-1,4.644634362E-1,1.170928130E2,-1.036514754E2,-8.416830918E1,-1.787396619E2
4.407124667E0,5.064524790E-1,4.327168310E-1,-5.933320959E-1,4.519059118E-1,1.191443626E2,-1.287332124E2,-8.278580052E1,-1.536431144E2
4.417146667E0,4.906304467E-1,4.431322445E-1,-6.074267607E-1,4.403955442E-1,1.212359451E2,-1.425211224E2,-8.052274995E1,-1.398365729E2
4.427169667E0,4.764978656E-1,4.499349197E-1,-6.198462516E-1,4.316236734E-1,1.230861584E2,-1.484771219E2,-7.826984787E1,-1.339181051E2
4.437191667E0,4.668917005E-1,4.515044578E-1,-6.293718714E-1,4.266697039E-1,1.243345630E2,-1.499934343E2,-7.665144109E1,-1.326128797E2
4.447214667E0,4.646906999E-1,4.468600015E-1,-6.340347037E-1,4.270582214E-1,1.246195870E2,-1.481709581E2,-7.615114532E1,-1.348320825E2
4.457237667E0,4.710848062E-1,4.357692164E-1,-6.317388068E-1,4.348452653E-1,1.237905266E2,-1.420405003E2,-7.695408102E1,-1.413814702E2
4.467259667E0,4.853051898E-1,4.194420330E-1,-6.210817232E-1,4.503384942E-1,1.219350609E2,-1.290079450E2,-7.869868299E1,-1.546470966E2
4.477282667E0,5.060648703E-1,4.000414066E-1,-6.027958178E-1,4.695769316E-1,1.191958673E2,-1.061842307E2,-8.033561351E1,-1.776055237E2
4.487304667E0,5.298078575E-1,3.806820631E-1,-5.808170265E-1,4.868639014E-1,1.160150531E2,-7.766482193E1,-8.044391102E1,1.536539607E2
4.497327667E0,5.484402627E-1,3.656641927E-1,-5.637154581E-1,4.977227419E-1,1.134798517E2,-5.877524442E1,-7.921224574E1,1.344209354E2
4.507350667E0,5.564664609E-1,3.575157001E-1,-5.577558832E-1,5.014340195E-1,1.123764390E2,-5.288485323E1,-7.831785399E1,1.281418357E2
4.517372667E0,5.570302883E-1,3.549344480E-1,-5.610318839E-1,4.989810861E-1,1.122986597E2,-5.422064550E1,-7.830334750E1,1.289619201E2
4.527395667E0,5.554054324E-1,3.551489438E-1,-5.686808942E-1,4.919310247E-1,1.125227110E2,-5.854287079E1,-7.884709686E1,1.325441798E2
4.537417667E0,5.539194557E-1,3.559270379E-1,-5.769969099E-1,4.832843090E-1,1.127273564E2,-6.369294046E1,-7.949768188E1,1.368484380E2
4.547440667E0,5.531746603E-1,3.561487725E-1,-5.836475562E-1,4.759322733E-1,1.128298365E2,-6.807156484E1,-7.997222777E1,1.404750265E2
4.557463667E0,5.535697185E-1,3.557241640E-1,-5.874130610E-1,4.711336281E-1,1.127754861E2,-7.041315624E1,-8.024301215E1,1.422740123E2
4.567485667E0,5.558928370E-1,3.544603697E-1,-5.880528291E-1,4.685456588E-1,1.124555336E2,-7.000995385E1,-8.038434913E1,1.414758170E2
4.577508667E0,5.606740835E-1,3.518010932E-1,-5.858193622E-1,4.676495931E-1,1.117951441E2,-6.669113384E1,-8.038307952E1,1.378013548E2
4.587530667E0,5.675387357E-1,3.477714120E-1,-5.809436673E-1,4.684648554E-1,1.108424559E2,-6.093591255E1,-8.014814126E1,1.317393786E2
4.597553667E0,5.752440331E-1,3.435091433E-1,-5.743659351E-1,4.703184632E-1,1.097665525E2,-5.430793777E1,-7.971074059E1,1.248985341E2
4.607576667E0,5.825458587E-1,3.406794566E-1,-5.677328957E-1,4.714415398E-1,1.087403906E2,-4.831407281E1,-7.932131187E1,1.187598622E2
4.617598667E0,5.883089028E-1,3.403173730E-1,-5.628675899E-1,4.703795551E-1,1.079258111E2,-4.377773042E1,-7.924579244E1,1.140867104E2
4.627621667E0,5.914515457E-1,3.426540364E-1,-5.611631292E-1,4.667646989E-1,1.074798358E2,-4.120713129E1,-7.963425372E1,1.113637075E2
4.637643667E0,5.918810168E-1,3.473478045E-1,-5.624219291E-1,4.612027532E-1,1.074187904E2,-4.048335817E1,-8.045969505E1,1.105032728E2
4.647666667E0,5.909185198E-1,3.532178279E-1,-5.653943989E-1,4.542926404E-1,1.075555674E2,-4.089910743E1,-8.154535630E1,1.107561264E2
4.657688667E0,5.893955118E-1,3.592938862E-1,-5.692646597E-1,4.466079950E-1,1.077717528E2,-4.219657810E1,-8.273465486E1,1.118373999E2
4.667711667E0,5.865221820E-1,3.661182091E-1,-5.742830954E-1,4.383468860E-1,1.081788037E2,-4.565972472E1,-8.406126810E1,1.151054336E2
4.677734667E0,5.814989467E-1,3.745458508E-1,-5.806230351E-1,4.294779300E-1,1.088879205E2,-5.440874271E1,-8.554726670E1,1.237642338E2
4.687756667E0,5.752196564E-1,3.839804544E-1,-5.867720601E-1,4.211649698E-1,1.097699674E2,-7.254075087E1,-8.684456307E1,1.419770098E2
4.697779667E0,5.686009732E-1,3.932027854E-1,-5.919872163E-1,4.142893279E-1,1.106945503E2,-1.031314612E2,-8.744829302E1,1.727888408E2
4.707801667E0,5.611700676E-1,4.019978001E-1,-5.970607064E-1,4.086619597E-1,1.117264912E2,-1.344926229E2,-8.704197886E1,-1.555302964E2
4.717824667E0,5.524203292E-1,4.107479390E-1,-6.022990223E-1,4.041705913E-1,1.129335667E2,-1.523003845E2,-8.592261296E1,-1.372762492E2
4.727847667E0,5.435724097E-1,4.189040812E-1,-6.070817940E-1,4.006246400E-1,1.141456780E2,-1.605974656E2,-8.464306692E1,-1.284834287E2
4.737869667E0,5.360964491E-1,4.261498093E-1,-6.104956782E-1,3.978592536E-1,1.151633990E2,-1.651162132E2,-8.354701946E1,-1.234772715E2
4.747892667E0,5.306018962E-1,4.326753848E-1,-6.120377682E-1,3.958072447E-1,1.159077369E2,-1.684131225E2,-8.275179575E1,-1.196981098E2
4.757914667E0,5.272467331E-1,4.385887826E-1,-6.115947785E-1,3.944649729E-1,1.163607685E2,-1.714296046E2,-8.228091836E1,-1.162000440E2
4.767937667E0,5.261473694E-1,4.438109088E-1,-6.089827223E-1,3.941329453E-1,1.165089685E2,-1.745174841E2,-8.216733903E1,-1.126135909E2
4.777960667E0,5.273353943E-1,4.482351109E-1,-6.042327250E-1,3.948486936E-1,1.163488114E2,-1.780822934E2,-8.240917251E1,-1.085412202E2
4.787982667E0,5.297706866E-1,4.525221250E-1,-5.978038081E-1,3.964810780E-1,1.160200753E2,1.774984170E2,-8.285326453E1,-1.035427932E2
4.798005667E0,5.323819736E-1,4.579676454E-1,-5.890995777E-1,3.997457360E-1,1.156669262E2,1.716590571E2,-8.341020358E1,-9.684121802E1
4.808027667E0,5.379014880E-1,4.635115997E-1,-5.768201355E-1,4.038533204E-1,1.149182040E2,1.610052866E2,-8.422585836E1,-8.523230988E1
4.818050667E0,5.481600309E-1,4.672816353E-1,-5.628721418E-1,4.053930291E-1,1.135182505E2,1.415204714E2,-8.484384102E1,-6.522384290E1
4.828072667E0,5.581105858E-1,4.708254266E-1,-5.513879685E-1,4.034937867E-1,1.121495348E2,1.225374649E2,-8.451496168E1,-4.605906089E1
4.838095667E0,5.626942452E-1,4.758879506E-1,-5.453213379E-1,3.994126020E-1,1.115153434E2,1.155090271E2,-8.364214663E1,-3.889358638E1
4.848118667E0,5.608535501E-1,4.829787127E-1,-5.442734224E-1,3.948940120E-1,1.117703060E2,1.178023248E2,-8.273241277E1,-4.087762082E1
4.858140667E0,5.548690664E-1,4.915141081E-1,-5.447791161E-1,3.921094224E-1,1.125966063E2,1.229877305E2,-8.189720584E1,-4.542042230E1
4.868163667E0,5.477851927E-1,5.001469707E-1,-5.444329140E-1,3.916340903E-1,1.135695996E2,1.274617148E2,-8.119453511E1,-4.899938346E1
4.878186292E0,5.419520056E-1,5.068453245E-1,-5.438880843E-1,3.918948739E-1,1.143667611E2,1.305791813E2,-8.067412871E1,-5.135067010E1
4.888209292E0,5.390334891E-1,5.098493188E-1,-5.429955629E-1,3.932587617E-1,1.147642631E2,1.317961699E2,-8.053666206E1,-5.209650921E1
4.898232292E0,5.397198822E-1,5.092192616E-1,-5.390095286E-1,3.985810763E-1,1.146708559E2,1.297142755E2,-8.102578501E1,-4.954997253E1
4.908254292E0,5.436456767E-1,5.065659884E-1,-5.291095316E-1,4.097356770E-1,1.141356752E2,1.219650401E2,-8.205969625E1,-4.095997006E1
4.918277292E0,5.505344895E-1,5.028655636E-1,-5.133671094E-1,4.248438102E-1,1.131926222E2,1.056162358E2,-8.299299441E1,-2.344015022E1
4.928299292E0,5.586359462E-1,4.990495907E-1,-4.954888350E-1,4.397342180E-1,1.120769665E2,8.489550612E1,-8.297557613E1,-1.520190287E0
4.938322292E0,5.648640914E-1,4.963106394E-1,-4.807569903E-1,4.510841747E-1,1.112142918E2,7.044642707E1,-8.225619468E1,1.391042073E1
4.948345292E0,5.668025198E-1,4.958157788E-1,-4.724509146E-1,4.579211416E-1,1.109448893E2,6.442501099E1,-8.175415604E1,2.066104570E1
4.958367292E0,5.647840177E-1,4.977167584E-1,-4.703380207E-1,4.605206802E-1,1.112254111E2,6.428743934E1,-8.176803868E1,2.129496738E1
4.968390292E0,5.607489469E-1,5.015595526E-1,-4.715943208E-1,4.599972321E-1,1.117847835E2,6.796088181E1,-8.202307957E1,1.797266330E1
4.978412292E0,5.563572979E-1,5.065142215E-1,-4.731503284E-1,4.582998416E-1,1.123914939E2,7.323227151E1,-8.220177797E1,1.305184841E1
4.988435292E0,5.525163028E-1,5.111813712E-1,-4.732671832E-1,4.576435150E-1,1.129203726E2,7.740586631E1,-8.224466970E1,9.322748982E0
4.998458292E0,5.492841137E-1,5.146674279E-1,-4.716934976E-1,4.592491730E-1,1.133641719E2,7.918457808E1,-8.226819491E1,8.112700099E0
5.008480292E0,5.461558745E-1,5.173333649E-1,-4.690350627E-1,4.626941879E-1,1.137926250E2,7.930738854E1,-8.233582900E1,8.673206383E0
5.018503292E0,5.434466198E-1,5.196219125E-1,-4.656163896E-1,4.667550078E-1,1.141628503E2,7.853531330E1,-8.237060873E1,1.016196526E1
5.028525292E0,5.413878727E-1,5.222146549E-1,-4.614720531E-1,4.703556552E-1,1.144436652E2,7.768485748E1,-8.227471684E1,1.172418200E1
5.038548292E0,5.398262476E-1,5.253329474E-1,-4.565626881E-1,4.734590119E-1,1.146563769E2,7.699228280E1,-8.204467390E1,1.314573651E1
5.048570292E0,5.380950184E-1,5.291820927E-1,-4.511279784E-1,4.763438847E-1,1.148918952E2,7.674965910E1,-8.174734766E1,1.418681524E1
5.058593292E0,5.355754403E-1,5.340344435E-1,-4.459371884E-1,4.786504526E-1,1.152341104E2,7.760587870E1,-8.145430561E1,1.418524500E1
5.068616292E0,5.320166816E-1,5.400531162E-1,-4.414097555E-1,4.800608179E-1,1.157163692E2,7.985079725E1,-8.118615614E1,1.283241216E1
5.078638292E0,5.272867410E-1,5.472986863E-1,-4.369321375E-1,4.811685741E-1,1.163553730E2,8.304693660E1,-8.091780317E1,1.064647702E1
5.088661292E0,5.218397323E-1,5.553260172E-1,-4.324164820E-1,4.819880273E-1,1.170885236E2,8.674411447E1,-8.061861942E1,8.032189383E0
5.098683292E0,5.159731926E-1,5.636497301E-1,-4.275885974E-1,4.829479995E-1,1.178749465E2,9.036216716E1,-8.029050259E1,5.565304900E0
5.108706292E0,5.096177864E-1,5.722327250E-1,-4.226207905E-1,4.839743583E-1,1.187232519E2,9.397985495E1,-7.994548115E1,3.155087408E0
5.118729292E0,5.027199963E-1,5.817897705E-1,-4.183987773E-1,4.834623109E-1,1.196397655E2,9.853528655E1,-7.948956998E1,-2.349178068E-1
5.128751292E0,4.951829353E-1,5.926933973E-1,-4.151464894E-1,4.807929225E-1,1.206363720E2,1.041275435E2,-7.883466634E1,-4.724229753E0
5.138774292E0,4.876840103E-1,6.036747271E-1,-4.115981779E-1,4.778369846E-1,1.216230568E2,1.090977412E2,-7.806308373E1,-8.585087920E0
5.148796292E0,4.808902252E-1,6.135070179E-1,-4.066998501E-1,4.763917350E-1,1.225128796E2,1.124244542E2,-7.734196677E1,-1.074168942E1
5.158819292E0,4.747742928E-1,6.221567524E-1,-4.008468118E-1,4.762690910E-1,1.233106895E2,1.145662942E2,-7.671812171E1,-1.168718208E1
5.168842292E0,4.689779725E-1,6.298656955E-1,-3.940833069E-1,4.775220653E-1,1.240640501E2,1.158888554E2,-7.621154301E1,-1.175217386E1
5.178864292E0,4.635283873E-1,6.366147441E-1,-3.862552146E-1,4.802811643E-1,1.247699534E2,1.164320750E2,-7.583350997E1,-1.096302903E1
5.188887292E0,4.580323013E-1,6.432468562E-1,-3.778604370E-1,4.833853323E-1,1.254795836E2,1.167926859E2,-7.547008056E1,-9.939033166E0
5.198909292E0,4.522523826E-1,6.506946996E-1,-3.700535025E-1,4.848965339E-1,1.262234269E2,1.177197635E2,-7.496208982E1,-9.537956669E0
5.208932292E0,4.462139022E-1,6.589998099E-1,-3.635664387E-1,4.841816562E-1,1.269979399E2,1.193848698E2,-7.428228554E1,-1.000908167E1
5.218954292E0,4.398082411E-1,6.675103965E-1,-3.588059100E-1,4.819305232E-1,1.278167064E2,1.216286165E2,-7.353617465E1,-1.121057536E1
5.228977292E0,4.330500440E-1,6.757072948E-1,-3.552954041E-1,4.792206837E-1,1.286774402E2,1.240928972E2,-7.281334374E1,-1.272722235E1
5.239000292E0,4.264819344E-1,6.830988721E-1,-3.518557682E-1,4.771652109E-1,1.295109977E2,1.262257014E2,-7.217993729E1,-1.393533376E1
5.249022292E0,4.206707085E-1,6.893139306E-1,-3.472923603E-1,4.767290094E-1,1.302461213E2,1.275876267E2,-7.169961016E1,-1.432591275E1
5.259045292E0,4.159078196E-1,6.943480029E-1,-3.407464806E-1,4.783235512E-1,1.308470016E2,1.279839832E2,-7.138488914E1,-1.364741029E1
5.269067292E0,4.116861252E-1,6.993536577E-1,-3.331926274E-1,4.800015989E-1,1.313784027E2,1.280341751E2,-7.103606379E1,-1.258706093E1
5.279090292E0,4.072000278E-1,7.054640445E-1,-3.257621169E-1,4.799870873E-1,1.319418683E2,1.284128321E2,-7.048052075E1,-1.186968144E1
5.289113292E0,4.026654510E-1,7.121761409E-1,-3.184921649E-1,4.787780601E-1,1.325101704E2,1.289724067E2,-6.979123768E1,-1.136466957E1
5.299135292E0,3.980434774E-1,7.190999198E-1,-3.113233442E-1,4.770058510E-1,1.330881527E2,1.296214245E2,-6.904637646E1,-1.096268958E1
5.309158292E0,3.933987551E-1,7.263501893E-1,-3.045495870E-1,4.742388814E-1,1.336677082E2,1.304154450E2,-6.820926387E1,-1.075758146E1
5.319180292E0,3.893378720E-1,7.335536968E-1,-2.983062690E-1,4.704556460E-1,1.341733877E2,1.311825372E2,-6.729327864E1,-1.064636890E1
5.329203292E0,3.857129296E-1,7.407736206E-1,-2.922861817E-1,4.658848808E-1,1.346239861E2,1.318977532E2,-6.630641327E1,-1.055941163E1
5.339226292E0,3.826522992E-1,7.479411768E-1,-2.857050567E-1,4.610139801E-1,1.350038615E2,1.323953511E2,-6.526792008E1,-1.026639006E1
5.349248292E0,3.808089067E-1,7.543169203E-1,-2.777466991E-1,4.569982020E-1,1.352324056E2,1.323501052E2,-6.428715613E1,-9.413294523E0
5.359271292E0,3.797703003E-1,7.598669016E-1,-2.685639966E-1,4.541476658E-1,1.353610895E2,1.319069084E2,-6.340186596E1,-8.115059554E0
5.369293292E0,3.789871935E-1,7.652875553E-1,-2.588378738E-1,4.513387653E-1,1.354580776E2,1.313918817E2,-6.249870039E1,-6.724072083E0
5.379316292E0,3.785164211E-1,7.708312567E-1,-2.487464431E-1,4.479617833E-1,1.355163668E2,1.308704510E2,-6.151177012E1,-5.336496596E0
5.389338292E0,3.783358534E-1,7.765474441E-1,-2.383914892E-1,4.438531505E-1,1.355387208E2,1.303767874E2,-6.042729681E1,-3.996128633E0
5.399361292E0,3.787854260E-1,7.820804613E-1,-2.285315923E-1,4.389135056E-1,1.354830612E2,1.299084978E2,-5.927845457E1,-2.799596952E0
5.409384292E0,3.796083458E-1,7.872517110E-1,-2.200347033E-1,4.332631700E-1,1.353811504E2,1.295696979E2,-5.812784086E1,-1.899780160E0
5.419406292E0,3.802327382E-1,7.923438933E-1,-2.129617035E-1,4.269211362E-1,1.353038005E2,1.294604738E2,-5.698066573E1,-1.347979446E0
5.429429292E0,3.808817733E-1,7.974968934E-1,-2.066832982E-1,4.197737314E-1,1.352233752E2,1.294756288E2,-5.578977947E1,-1.007946492E0
5.439451292E0,3.820604758E-1,8.020933233E-1,-1.998141416E-1,4.132195355E-1,1.350772564E2,1.293053442E2,-5.464311102E1,-4.742268188E-1
5.449474292E0,3.834655832E-1,8.060467820E-1,-1.918207389E-1,4.079796549E-1,1.349029704E2,1.289373342E2,-5.359236166E1,3.532544311E-1
5.459497292E0,3.849221928E-1,8.095307248E-1,-1.832616412E-1,4.036212348E-1,1.347221800E2,1.284850795E2,-5.261470966E1,1.322518753E0
5.469519292E0,3.858375137E-1,8.134547861E-1,-1.748065409E-1,3.985767029E-1,1.346085120E2,1.282158429E2,-5.156760130E1,2.136882753E0
5.479542292E0,3.863332160E-1,8.181124975E-1,-1.663575518E-1,3.921272525E-1,1.345469342E2,1.281433304E2,-5.036711881E1,2.766327348E0
5.489564292E0,3.863912371E-1,8.234238644E-1,-1.579740168E-1,3.843425339E-1,1.345397257E2,1.282537472E2,-4.902826911E1,3.222108585E0
5.499587292E0,3.863412630E-1,8.286189904E-1,-1.500409473E-1,3.763226509E-1,1.345459344E2,1.284190401E2,-4.769651930E1,3.588293427E0
5.509610292E0,3.861725324E-1,8.333754097E-1,-1.427501536E-1,3.687527144E-1,1.345668964E2,1.286003734E2,-4.645813970E1,3.901728586E0
5.519632292E0,3.865226917E-1,8.376080702E-1,-1.360792980E-1,3.612412155E-1,1.345233932E2,1.287141182E2,-4.526361009E1,4.179203478E0
5.529655292E0,3.874966869E-1,8.413688546E-1,-1.296311463E-1,3.537519918E-1,1.344023493E2,1.287307516E2,-4.408582382E1,4.473051117E0
5.539677292E0,3.891414295E-1,8.445441981E-1,-1.231689386E-1,3.466172008E-1,1.341978256E2,1.286184599E2,-4.294745533E1,4.837123247E0
5.549700292E0,3.910617782E-1,8.469075827E-1,-1.164113236E-1,3.409789942E-1,1.339588350E2,1.283715590E2,-4.195936815E1,5.363447611E0
5.559722292E0,3.931870120E-1,8.480361910E-1,-1.090344450E-1,3.381570731E-1,1.336940990E2,1.279220702E2,-4.124504004E1,6.183385925E0
5.569745292E0,3.948614826E-1,8.487247862E-1,-1.009800137E-1,3.369772379E-1,1.334853293E2,1.274386262E2,-4.067353147E1,7.173579153E0
5.579768292E0,3.965094507E-1,8.492849178E-1,-9.215328348E-2,3.361593098E-1,1.332797041E2,1.269236595E2,-4.009593504E1,8.271552637E0
5.589790292E0,3.986660522E-1,8.501082143E-1,-8.334863824E-2,3.338181051E-1,1.330103732E2,1.264332277E2,-3.934730580E1,9.261125390E0
5.599813292E0,4.009503851E-1,8.521099789E-1,-7.629060055E-2,3.276082990E-1,1.327247898E2,1.262178228E2,-3.827919986E1,9.731767142E0
5.609835292E0,4.030603301E-1,8.549384961E-1,-7.096513550E-2,3.187264513E-1,1.324607311E2,1.262355624E2,-3.702686962E1,9.778371948E0
5.619858292E0,4.048813927E-1,8.577284488E-1,-6.588787325E-2,3.098899615E-1,1.322326104E2,1.262927746E2,-3.579991133E1,9.789865499E0
5.629881292E0,4.066793614E-1,8.595835002E-1,-6.041856101E-2,3.034430268E-1,1.320071851E2,1.262115131E2,-3.480681271E1,1.002545003E1
5.639903292E0,4.080300151E-1,8.606124734E-1,-5.447071346E-2,2.998175391E-1,1.318377133E2,1.260399292E2,-3.409071520E1,1.049959168E1
5.649926292E0,4.091852761E-1,8.607420750E-1,-4.676184413E-2,2.991719178E-1,1.316926692E2,1.257036626E2,-3.359289313E1,1.137804890E1
5.659948292E0,4.107127990E-1,8.601124010E-1,-3.689610983E-2,3.002672775E-1,1.315007608E2,1.251745999E2,-3.315012501E1,1.263781531E1
5.669971292E0,4.125791563E-1,8.599672051E-1,-2.784258745E-2,2.990981977E-1,1.312660867E2,1.247454495E2,-3.250708022E1,1.364297175E1
5.679994292E0,4.144650065E-1,8.607644128E-1,-2.139230731E-2,2.946962650E-1,1.310287402E2,1.245570000E2,-3.167233909E1,1.410853547E1
5.690016292E0,4.162513533E-1,8.616760070E-1,-1.628592159E-2,2.897998601E-1,1.308037102E2,1.244433225E2,-3.086288089E1,1.438057014E1
5.700039292E0,4.179132351E-1,8.622890329E-1,-1.145399614E-2,2.857883757E-1,1.305941775E2,1.243092250E2,-3.016142282E1,1.468038550E1
5.710061292E0,4.193117097E-1,8.627630585E-1,-6.510803011E-3,2.824450348E-1,1.304177191E2,1.241777653E2,-2.952652229E1,1.502896421E1
5.720084292E0,4.208262304E-1,8.624534056E-1,-3.152584269E-4,2.812106221E-1,1.302264763E2,1.238997785E2,-2.903392863E1,1.566889827E1
5.730106292E0,4.220723915E-1,8.615882994E-1,7.011381131E-3,2.819065878E-1,1.300690089E2,1.235412653E2,-2.867601156E1,1.655938598E1
5.740129292E0,4.232805731E-1,8.604991405E-1,1.363442120E-2,2.831763459E-1,1.299162445E2,1.231750374E2,-2.841168741E1,1.741154562E1
5.750152292E0,4.243184129E-1,8.598789075E-1,1.793761443E-2,2.832674937E-1,1.297849424E2,1.229421514E2,-2.815958290E1,1.791794433E1
5.760174292E0,4.260728492E-1,8.596800165E-1,1.938818252E-2,2.811339886E-1,1.295628196E2,1.227844778E2,-2.782995113E1,1.797460569E1
5.770197292E0,4.287231220E-1,8.594765315E-1,1.943774721E-2,2.777026925E-1,1.292268930E2,1.225972216E2,-2.743171002E1,1.781387304E1
5.780219292E0,4.315485151E-1,8.590452428E-1,1.962222397E-2,2.746307826E-1,1.288682540E2,1.223628441E2,-2.705879950E1,1.769946811E1
5.790242292E0,4.341329387E-1,8.581012799E-1,2.080600250E-2,2.734188289E-1,1.285397315E2,1.220471907E2,-2.681922107E1,1.781986018E1
5.800265292E0,4.359555265E-1,8.563304379E-1,2.393903063E-2,2.758041825E-1,1.283077778E2,1.216157296E2,-2.683908522E1,1.838845879E1
5.810287292E0,4.365981606E-1,8.540411897E-1,2.900777922E-2,2.813434795E-1,1.282259380E2,1.211411520E2,-2.707962788E1,1.936370202E1
5.820310292E0,4.365903213E-1,8.520139262E-1,3.435486560E-2,2.868466778E-1,1.282269365E2,1.207433133E2,-2.730948957E1,2.035115865E1
5.830332292E0,4.367674908E-1,8.506131757E-1,3.881598307E-2,2.901461175E-1,1.282043690E2,1.204525641E2,-2.736756377E1,2.108500206E1
5.840355292E0,4.375732806E-1,8.504112923E-1,4.093403080E-2,2.892312517E-1,1.281017018E2,1.203565666E2,-2.713623270E1,2.126373006E1
5.850378292E0,4.395221614E-1,8.508094536E-1,4.067444836E-2,2.851125668E-1,1.278532057E2,1.203261382E2,-2.670508551E1,2.097922728E1
5.860400292E0,4.420589434E-1,8.511719165E-1,3.905069887E-2,2.802952189E-1,1.275293524E2,1.202723130E2,-2.627202453E1,2.051772602E1
5.870423292E0,4.442487145E-1,8.511329728E-1,3.769373894E-2,2.771188744E-1,1.272494365E2,1.201670131E2,-2.599159111E1,2.020067930E1
5.880445167E0,4.458480451E-1,8.497902164E-1,3.879861857E-2,2.785152574E-1,1.270447816E2,1.198525638E2,-2.602495073E1,2.047242765E1
5.890468167E0,4.474414647E-1,8.470260996E-1,4.195073922E-2,2.838716846E-1,1.268407018E2,1.192831005E2,-2.631797716E1,2.126565733E1
5.900490167E0,4.492479366E-1,8.442879874E-1,4.468134925E-2,2.887170812E-1,1.266091149E2,1.187110354E2,-2.657537299E1,2.198831152E1
5.910513167E0,4.513737446E-1,8.419801103E-1,4.665222018E-2,2.918130991E-1,1.263362876E2,1.182031111E2,-2.669791421E1,2.250758967E1
5.920536167E0,4.532394749E-1,8.398603767E-1,4.857276777E-2,2.947021234E-1,1.260965679E2,1.177408815E2,-2.680703171E1,2.299933795E1
5.930558167E0,4.543253305E-1,8.383499180E-1,4.991674647E-2,2.970964173E-1,1.259569336E2,1.174232509E2,-2.692248374E1,2.336830493E1
5.940581167E0,4.549989794E-1,8.375741209E-1,5.083651715E-2,2.980959140E-1,1.258702629E2,1.172537531E2,-2.694234771E1,2.356697420E1
5.950603167E0,4.557258967E-1,8.371528210E-1,5.224911092E-2,2.979246609E-1,1.257767011E2,1.171410903E2,-2.682034093E1,2.372218812E1
5.960626167E0,4.561671794E-1,8.371497443E-1,5.440707171E-2,2.968699729E-1,1.257198844E2,1.171110102E2,-2.657774877E1,2.387259762E1
5.970649167E0,4.568782758E-1,8.372128803E-1,5.665063275E-2,2.951739889E-1,1.256282979E2,1.170818392E2,-2.626235287E1,2.398756708E1
5.980671167E0,4.578691008E-1,8.371981710E-1,5.849485240E-2,2.933146017E-1,1.255006206E2,1.170301297E2,-2.594823439E1,2.405647722E1
5.990694167E0,4.591979066E-1,8.365531135E-1,6.029869537E-2,2.927116489E-1,1.253292760E2,1.168563806E2,-2.574455207E1,2.423329737E1
6.000716167E0,4.607858208E-1,8.348555228E-1,6.240704932E-2,2.946151797E-1,1.251243466E2,1.164900122E2,-2.574773512E1,2.465319623E1
6.010739167E0,4.625708452E-1,8.328921961E-1,6.336449928E-2,2.971595639E-1,1.248937515E2,1.160722566E2,-2.587330504E1,2.501481054E1
6.020762167E0,4.649544444E-1,8.312356985E-1,6.258027287E-2,2.982419529E-1,1.245854524E2,1.156865834E2,-2.595242967E1,2.509673380E1
6.030784167E0,4.679598624E-1,8.292912115E-1,6.162067342E-2,2.991530729E-1,1.241961038E2,1.152268115E2,-2.600808842E1,2.516651527E1
6.040807167E0,4.706450328E-1,8.267245949E-1,6.172776857E-2,3.020089486E-1,1.238476497E2,1.146705552E2,-2.618383670E1,2.550059845E1
6.050829167E0,4.723186789E-1,8.240920184E-1,6.305817599E-2,3.062861847E-1,1.236301749E2,1.141410839E2,-2.643926387E1,2.605271729E1
6.060852167E0,4.734155296E-1,8.219016046E-1,6.525794645E-2,3.099950020E-1,1.234875293E2,1.137114143E2,-2.660150205E1,2.663036732E1
6.070874167E0,4.740866180E-1,8.208395461E-1,6.774928881E-2,3.112465685E-1,1.234002071E2,1.134990525E2,-2.653400783E1,2.701199357E1
6.080897167E0,4.744698593E-1,8.207950391E-1,7.015140630E-2,3.102461287E-1,1.233503235E2,1.134798359E2,-2.627803699E1,2.717881023E1
6.090920167E0,4.748484908E-1,8.214636145E-1,7.167033657E-2,3.075383781E-1,1.233010285E2,1.135873601E2,-2.592524337E1,2.710831275E1
6.100942167E0,4.758656892E-1,8.219922624E-1,7.169794276E-2,3.045325228E-1,1.231685401E2,1.136442526E2,-2.562057516E1,2.688242662E1
6.110965167E0,4.772526946E-1,8.221571831E-1,7.060747735E-2,3.021622315E-1,1.229877513E2,1.136211246E2,-2.543294508E1,2.661066370E1
6.120987167E0,4.789112152E-1,8.219865726E-1,6.925405775E-2,3.003097510E-1,1.227713682E2,1.135287501E2,-2.530064722E1,2.636536929E1
6.131010167E0,4.807671306E-1,8.208359215E-1,6.934758160E-2,3.004699723E-1,1.225289670E2,1.132595042E2,-2.525153796E1,2.644319747E1
6.141033167E0,4.824188129E-1,8.187472080E-1,7.128709528E-2,3.030565770E-1,1.223130040E2,1.128366260E2,-2.530729573E1,2.690845051E1
6.151055167E0,4.839837781E-1,8.161515943E-1,7.381746562E-2,3.069320957E-1,1.221081725E2,1.123301906E2,-2.543921647E1,2.754397321E1
6.161078167E0,4.855146464E-1,8.137177403E-1,7.583710046E-2,3.104636539E-1,1.219076077E2,1.118534492E2,-2.557038291E1,2.810074259E1
6.171100167E0,4.871325797E-1,8.119190392E-1,7.640814811E-2,3.124917602E-1,1.216954241E2,1.114821347E2,-2.565773168E1,2.838541942E1
6.181123167E0,4.886433176E-1,8.110340397E-1,7.503989282E-2,3.127629067E-1,1.214971006E2,1.112695859E2,-2.572086807E1,2.831905076E1
6.191145167E0,4.898569203E-1,8.112146811E-1,7.244921033E-2,3.110017321E-1,1.213376444E2,1.112528098E2,-2.569616985E1,2.794188510E1
6.201168167E0,4.910182768E-1,8.114811334E-1,7.080202720E-2,3.088471431E-1,1.211849361E2,1.112572710E2,-2.557657984E1,2.762229160E1
6.211191167E0,4.923337747E-1,8.111276057E-1,7.103712232E-2,3.076252954E-1,1.210118209E2,1.111529485E2,-2.541038065E1,2.757661989E1
6.221213167E0,4.937745858E-1,8.104619384E-1,7.204628646E-2,3.068344730E-1,1.208220449E2,1.109925011E2,-2.522702781E1,2.764903855E1
6.231236167E0,4.950394444E-1,8.095678773E-1,7.305498699E-2,3.069181451E-1,1.206552972E2,1.107979180E2,-2.512610308E1,2.779313992E1
6.241258167E0,4.957013290E-1,8.088356179E-1,7.372697634E-2,3.076191209E-1,1.205679852E2,1.106500139E2,-2.512113799E1,2.794089642E1
6.251281167E0,4.960115193E-1,8.083449443E-1,7.402664043E-2,3.083359650E-1,1.205270536E2,1.105544376E2,-2.515367031E1,2.804319734E1
6.261304167E0,4.963035864E-1,8.082040895E-1,7.396401021E-2,3.082501646E-1,1.204885058E2,1.105201057E2,-2.514059206E1,2.803798097E1
6.271326167E0,4.970709962E-1,8.084453802E-1,7.318585295E-2,3.065620147E-1,1.203871857E2,1.105360429E2,-2.501908712E1,2.783399691E1
6.281349167E0,4.982732877E-1,8.090604292E-1,7.179639780E-2,3.032989109E-1,1.202283455E2,1.106024479E2,-2.478572116E1,2.744405561E1
6.291371167E0,4.998189707E-1,8.095106840E-1,7.044259887E-2,2.998521522E-1,1.200239522E2,1.106292253E2,-2.452246192E1,2.705314451E1
6.301394167E0,5.012379076E-1,8.096584508E-1,6.933472681E-2,2.973323396E-1,1.198361337E2,1.106074440E2,-2.432857793E1,2.676511288E1
6.311417167E0,5.021601966E-1,8.098631159E-1,6.837715042E-2,2.954342668E-1,1.197139587E2,1.106116790E2,-2.419541648E1,2.653245214E1
6.321439167E0,5.027253753E-1,8.101652667E-1,6.773023844E-2,2.937892858E-1,1.196390524E2,1.106452708E2,-2.407526412E1,2.634252826E1
6.331462167E0,5.032154904E-1,8.105029051E-1,6.760426151E-2,2.920425202E-1,1.195740717E2,1.106892550E2,-2.391391412E1,2.619319112E1
6.341484167E0,5.039340942E-1,8.110292349E-1,6.767076923E-2,2.893140176E-1,1.194787586E2,1.107600244E2,-2.364577673E1,2.598536689E1
6.351507167E0,5.048822297E-1,8.117434554E-1,6.765601784E-2,2.856379694E-1,1.193529304E2,1.108562372E2,-2.329172571E1,2.569642471E1
6.361529167E0,5.057306458E-1,8.124588560E-1,6.779796842E-2,2.820470579E-1,1.192402675E2,1.109560337E2,-2.293759072E1,2.542938525E1
6.371552167E0,5.064568781E-1,8.129898220E-1,6.799968324E-2,2.791506844E-1,1.191437780E2,1.110273582E2,-2.264470351E1,2.522509072E1
6.381575167E0,5.067782584E-1,8.136181894E-1,6.790750808E-2,2.767485985E-1,1.191010632E2,1.111267929E2,-2.242707896E1,2.502380495E1
6.391597167E0,5.064513990E-1,8.145999159E-1,6.789659205E-2,2.744520694E-1,1.191445061E2,1.113079768E2,-2.223242002E1,2.482330704E1
6.401620167E0,5.055242632E-1,8.157053013E-1,6.866235814E-2,2.726820598E-1,1.192676794E2,1.115324410E2,-2.205122747E1,2.472802371E1
6.411642167E0,5.044835837E-1,8.169774197E-1,6.931087170E-2,2.706290763E-1,1.194058450E2,1.117890757E2,-2.185526843E1,2.459627820E1
6.421665167E0,5.039869990E-1,8.183693193E-1,6.822689690E-2,2.676077478E-1,1.194717397E2,1.120419482E2,-2.166832236E1,2.423073546E1
6.431688167E0,5.039920356E-1,8.195542358E-1,6.525217233E-2,2.646982034E-1,1.194710715E2,1.122360890E2,-2.159823541E1,2.370274622E1
6.441710167E0,5.042046348E-1,8.204610674E-1,6.068868016E-2,2.625610104E-1,1.194428631E2,1.123732114E2,-2.169361087E1,2.308692702E1
6.451733167E0,5.041218373E-1,8.210439162E-1,5.564762205E-2,2.620143869E-1,1.194538494E2,1.124685820E2,-2.197143360E1,2.254436387E1
6.461755167E0,5.031950387E-1,8.212466004E-1,5.188799673E-2,2.639253145E-1,1.195767837E2,1.125335852E2,-2.241274156E1,2.230301230E1
6.471778167E0,5.011697245E-1,8.217359253E-1,4.959107778E-2,2.666828036E-1,1.198451629E2,1.126891188E2,-2.286608382E1,2.224432274E1
6.481800167E0,4.984569005E-1,8.227896808E-1,4.797263879E-2,2.688057404E-1,1.202040765E2,1.129681653E2,-2.323582862E1,2.218149873E1
6.491823167E0,4.954083346E-1,8.247069410E-1,4.559934975E-2,2.689791325E-1,1.206066400E2,1.134126802E2,-2.348302281E1,2.187475068E1
6.501846167E0,4.929718043E-1,8.268607713E-1,4.155422167E-2,2.674946573E-1,1.209278050E2,1.138848857E2,-2.366520036E1,2.128318650E1
6.511868167E0,4.905566107E-1,8.289284957E-1,3.672065250E-2,2.662392818E-1,1.212456549E2,1.143517826E2,-2.391365955E1,2.063012332E1
6.521891167E0,4.882729048E-1,8.310027950E-1,3.088306110E-2,2.647076864E-1,1.215457446E2,1.148292365E2,-2.419145082E1,1.985586105E1
6.531913167E0,4.872207193E-1,8.326412538E-1,2.329624905E-2,2.622631165E-1,1.216838587E2,1.152069020E2,-2.445896022E1,1.886716539E1
6.541936167E0,4.860418930E-1,8.342577540E-1,1.572591641E-2,2.598652769E-1,1.218384860E2,1.155999817E2,-2.472745319E1,1.787847935E1
6.551959167E0,4.854723415E-1,8.352633778E-1,9.317993856E-3,2.580016908E-1,1.219131528E2,1.158642409E2,-2.495785344E1,1.706621255E1
6.561981167E0,4.853281572E-1,8.357997807E-1,3.908319409E-3,2.566709884E-1,1.219320508E2,1.160278589E2,-2.516696193E1,1.640877671E1
6.572004167E0,4.849085748E-1,8.361854666E-1,-8.225378955E-4,2.562359170E-1,1.219870347E2,1.161764140E2,-2.542436332E1,1.588016961E1
6.582026167E0,4.839860751E-1,8.365527342E-1,-5.303675123E-3,2.567270858E-1,1.221078717E2,1.163476184E2,-2.576399837E1,1.543123719E1
6.592049167E0,4.828594161E-1,8.370510364E-1,-1.058277863E-2,2.570608783E-1,1.222553558E2,1.165693502E2,-2.614000854E1,1.488009454E1
6.602071167E0,4.816290863E-1,8.379337600E-1,-1.694880722E-2,2.561507382E-1,1.224162913E2,1.168861174E2,-2.646178287E1,1.411606459E1
6.612094167E0,4.809188698E-1,8.382121821E-1,-2.251977766E-2,2.561447955E-1,1.225091359E2,1.170743675E2,-2.681221021E1,1.351778989E1
6.622117167E0,4.798120409E-1,8.380937916E-1,-2.575804647E-2,2.582940003E-1,1.226537463E2,1.171791919E2,-2.723668076E1,1.330974613E1
6.632139167E0,4.784752693E-1,8.380057468E-1,-2.773991772E-2,2.608415665E-1,1.228282666E2,1.172775064E2,-2.762736185E1,1.325349345E1
6.642162167E0,4.774980735E-1,8.382014346E-1,-3.020386464E-2,2.617285680E-1,1.229557513E2,1.174146290E2,-2.787907979E1,1.303150053E1
6.652184167E0,4.760352723E-1,8.389803084E-1,-3.311300871E-2,2.615455348E-1,1.231464441E2,1.176827451E2,-2.805955209E1,1.266287637E1
6.662207167E0,4.742187958E-1,8.397979994E-1,-3.588058151E-2,2.618556829E-1,1.233830038E2,1.179760528E2,-2.828399575E1,1.233278275E1
6.672230167E0,4.722069371E-1,8.405225459E-1,-3.874837953E-2,2.627567193E-1,1.236447016E2,1.182715951E2,-2.857445722E1,1.202841840E1
6.682252167E0,4.704121662E-1,8.411179122E-1,-4.263533049E-2,2.634680633E-1,1.238778911E2,1.185648490E2,-2.890297050E1,1.160821348E1
6.692275167E0,4.690687143E-1,8.416785075E-1,-4.794764571E-2,2.631596116E-1,1.240522765E2,1.188704659E2,-2.920744349E1,1.097442876E1
6.702297167E0,4.679542358E-1,8.422372061E-1,-5.348321280E-2,2.622877935E-1,1.241968334E2,1.191762170E2,-2.946372798E1,1.028053916E1
6.712320167E0,4.677266533E-1,8.418916441E-1,-5.740670507E-2,2.629730064E-1,1.242263408E2,1.192507811E2,-2.976810651E1,9.906488837E0
6.722342167E0,4.676781634E-1,8.409166610E-1,-5.926601329E-2,2.657516849E-1,1.242326273E2,1.191606481E2,-3.015790820E1,9.916109248E0
6.732365167E0,4.674097617E-1,8.400882226E-1,-6.037860580E-2,2.685785689E-1,1.242674210E2,1.190843048E2,-3.051091422E1,1.000150135E1
6.742388167E0,4.670128964E-1,8.396657426E-1,-6.124362772E-2,2.703877750E-1,1.243188575E2,1.190705084E2,-3.074871634E1,1.003144384E1
6.752410167E0,4.661337659E-1,8.397922253E-1,-6.079792480E-2,2.716100653E-1,1.244327557E2,1.191300016E2,-3.085532052E1,1.013740870E1
6.762433167E0,4.653772405E-1,8.400833757E-1,-5.897844534E-2,2.724068830E-1,1.245307217E2,1.191650329E2,-3.083606512E1,1.036267556E1
6.772455167E0,4.649473953E-1,8.407278853E-1,-5.751165072E-2,2.714646797E-1,1.245863648E2,1.192457028E2,-3.065954263E1,1.043016724E1
6.782478167E0,4.648913821E-1,8.416268354E-1,-5.748792205E-2,2.687666492E-1,1.245936146E2,1.193861302E2,-3.038804114E1,1.022504752E1
6.792500167E0,4.652525806E-1,8.423608649E-1,-5.862150368E-2,2.655780715E-1,1.245468603E2,1.195097165E2,-3.013060279E1,9.877285395E0
6.802523167E0,4.663461754E-1,8.426373061E-1,-6.075485072E-2,2.622830625E-1,1.244052419E2,1.195480845E2,-2.991301001E1,9.445064329E0
6.812546167E0,4.678594159E-1,8.425080839E-1,-6.368532109E-2,2.592911420E-1,1.242091279E2,1.195235130E2,-2.976879794E1,8.968061575E0
6.822568167E0,4.692850752E-1,8.419915321E-1,-6.667462847E-2,2.576359510E-1,1.240242016E2,1.194492028E2,-2.976431447E1,8.581483087E0
6.832591167E0,4.709474207E-1,8.406762133E-1,-6.906840088E-2,2.582665627E-1,1.238083735E2,1.192239297E2,-2.995318881E1,8.437460082E0
6.842613167E0,4.727001079E-1,8.386454938E-1,-7.103741735E-2,2.611169857E-1,1.235805808E2,1.188735329E2,-3.033984677E1,8.509635241E0
6.852636167E0,4.746387892E-1,8.360153197E-1,-7.349596946E-2,2.653202803E-1,1.233283315E2,1.184370054E2,-3.089001537E1,8.643939174E0
6.862659167E0,4.770029323E-1,8.328086189E-1,-7.716358822E-2,2.700810619E-1,1.230203179E2,1.179267029E2,-3.156504506E1,8.717188928E0
6.872681167E0,4.796347818E-1,8.291756027E-1,-8.216578693E-2,2.750764434E-1,1.226768965E2,1.173819660E2,-3.234340210E1,8.687582023E0
6.882703958E0,4.823604922E-1,8.253595428E-1,-8.867182735E-2,2.797272743E-1,1.223206334E2,1.168617320E2,-3.318161689E1,8.484695312E0
6.892725958E0,4.850412320E-1,8.217127024E-1,-9.719320362E-2,2.829780291E-1,1.219696523E2,1.164572063E2,-3.401007708E1,7.959254126E0
6.902748958E0,4.876469082E-1,8.181291666E-1,-1.078782305E-1,2.850043759E-1,1.216279267E2,1.161736976E2,-3.485864512E1,7.101643085E0
6.912770958E0,4.902031989E-1,8.140837646E-1,-1.196072559E-1,2.875111018E-1,1.212921238E2,1.158949301E2,-3.582983692E1,6.169833191E0
6.922793958E0,4.927965155E-1,8.092512280E-1,-1.307716821E-1,2.918265809E-1,1.209508905E2,1.154968175E2,-3.695658499E1,5.455229726E0
6.932816958E0,4.964787698E-1,8.031203156E-1,-1.404928317E-1,2.979402657E-1,1.204653811E2,1.147790491E2,-3.817512647E1,5.121563331E0
6.942838958E0,5.007412491E-1,7.966390365E-1,-1.485508244E-1,3.042320316E-1,1.199018944E2,1.138940015E2,-3.930861911E1,5.041922810E0
6.952861958E0,5.045844622E-1,7.910568339E-1,-1.544029354E-1,3.094887446E-1,1.193924562E2,1.130640638E2,-4.020054981E1,5.111061378E0
6.962883958E0,5.069745889E-1,7.871052086E-1,-1.566548626E-1,3.144857803E-1,1.190749642E2,1.123870944E2,-4.083681421E1,5.481008981E0
6.972906958E0,5.070757730E-1,7.851836284E-1,-1.550726910E-1,3.198645295E-1,1.190615120E2,1.119631647E2,-4.126723871E1,6.176479651E0
6.982929958E0,5.047584233E-1,7.852999115E-1,-1.515226198E-1,3.249060828E-1,1.193693654E2,1.119140915E2,-4.154913415E1,6.908320040E0
6.992951958E0,5.005026242E-1,7.872390248E-1,-1.490192445E-1,3.279408877E-1,1.199334821E2,1.123564559E2,-4.172106203E1,7.207357728E0
7.002974958E0,4.948762992E-1,7.909124598E-1,-1.507896650E-1,3.268294490E-1,1.206768126E2,1.134325654E2,-4.177686680E1,6.541503820E0
7.012996958E0,4.881004030E-1,7.963216707E-1,-1.592709596E-1,3.197852249E-1,1.215683943E2,1.152778941E2,-4.166577564E1,4.492386379E0
7.023019958E0,4.783832996E-1,8.041269931E-1,-1.750465461E-1,3.064114188E-1,1.228402682E2,1.181673139E2,-4.132016828E1,8.884186988E-1
7.033041958E0,4.633895582E-1,8.146540114E-1,-1.961200546E-1,2.883501455E-1,1.247879066E2,1.222013620E2,-4.066016685E1,-3.953565749E0
7.043064958E0,4.440747797E-1,8.262713055E-1,-2.197826230E-1,2.678971808E-1,1.272716828E2,1.268691054E2,-3.963624959E1,-9.361426014E0
7.053087958E0,4.238179717E-1,8.364230483E-1,-2.446088027E-1,2.468628056E-1,1.298482644E2,1.314161528E2,-3.833824216E1,-1.476834678E1
7.063109958E0,4.037041469E-1,8.442576628E-1,-2.700701985E-1,2.265257711E-1,1.323801044E2,1.356137596E2,-3.690923806E1,-1.997283624E1
7.073132958E0,3.824450500E-1,8.505397981E-1,-2.951218006E-1,2.078968798E-1,1.350295657E2,1.396362955E2,-3.540729028E1,-2.488763371E1
7.083154958E0,3.601615001E-1,8.558994021E-1,-3.174591667E-1,1.921963832E-1,1.377797707E2,1.434349864E2,-3.389513831E1,-2.920238578E1
7.093177958E0,3.382424257E-1,8.606727645E-1,-3.339764534E-1,1.824671362E-1,1.404603415E2,1.468411222E2,-3.268493231E1,-3.243810184E1
7.103199958E0,3.190326771E-1,8.646422390E-1,-3.428197895E-1,1.818970316E-1,1.427911292E2,1.496853171E2,-3.222823051E1,-3.430548301E1
7.113222958E0,3.040531340E-1,8.672838138E-1,-3.446991385E-1,1.911880989E-1,1.445975855E2,1.519356885E2,-3.276825409E1,-3.494512026E1
7.123245958E0,2.928868744E-1,8.681767158E-1,-3.420973503E-1,2.084605939E-1,1.459382634E2,1.537345315E2,-3.421867418E1,-3.479743900E1
7.133267958E0,2.841910365E-1,8.670855128E-1,-3.376059503E-1,2.311282807E-1,1.469790019E2,1.552830003E2,-3.634920888E1,-3.431915592E1
7.143290958E0,2.772351035E-1,8.638457057E-1,-3.333999267E-1,2.564290510E-1,1.478094877E2,1.566890918E2,-3.889466538E1,-3.387658680E1
7.153312958E0,2.712749995E-1,8.588211902E-1,-3.305615261E-1,2.820729555E-1,1.485196983E2,1.580568449E2,-4.159390183E1,-3.368130711E1
7.163335958E0,2.657183441E-1,8.527096232E-1,-3.290835415E-1,3.065682551E-1,1.491807174E2,1.594566269E2,-4.424392202E1,-3.377949954E1
7.173357958E0,2.600257906E-1,8.463234063E-1,-3.285047388E-1,3.289498227E-1,1.498568151E2,1.609398731E2,-4.668851564E1,-3.413968244E1
7.183380958E0,2.538933899E-1,8.404233743E-1,-3.282757761E-1,3.485136232E-1,1.505839536E2,1.625097174E2,-4.880671398E1,-3.468755916E1
7.193403958E0,2.475770103E-1,8.353981002E-1,-3.281139532E-1,3.649066400E-1,1.513316433E2,1.640901918E2,-5.054749312E1,-3.533686946E1
7.203425958E0,2.414692997E-1,8.313374832E-1,-3.283614606E-1,3.778217830E-1,1.520534483E2,1.656135252E2,-5.188498041E1,-3.607896110E1
7.213448958E0,2.355743623E-1,8.283751287E-1,-3.297523277E-1,3.867336762E-1,1.527490363E2,1.670876544E2,-5.275771564E1,-3.698786038E1
7.223470958E0,2.295703646E-1,8.266239482E-1,-3.325007869E-1,3.917060455E-1,1.534564427E2,1.685489673E2,-5.315415894E1,-3.808102961E1
7.233493958E0,2.236205203E-1,8.258308499E-1,-3.363034231E-1,3.935699214E-1,1.541564539E2,1.699472225E2,-5.317338803E1,-3.927446546E1
7.243516958E0,2.176727307E-1,8.258299437E-1,-3.403929107E-1,3.933905286E-1,1.548552441E2,1.712485157E2,-5.293344160E1,-4.043786252E1
7.253538958E0,2.118195555E-1,8.264193042E-1,-3.437841515E-1,3.923979598E-1,1.555419916E2,1.724058460E2,-5.258078753E1,-4.141804750E1
7.263561958E0,2.063549426E-1,8.273058421E-1,-3.451175724E-1,3.922708238E-1,1.561823448E2,1.733593619E2,-5.232490958E1,-4.202275586E1
7.273583958E0,2.025464902E-1,8.280992986E-1,-3.437867435E-1,3.937474176E-1,1.566281790E2,1.739220153E2,-5.231555429E1,-4.210440768E1
7.283606958E0,2.013782849E-1,8.286262396E-1,-3.405178972E-1,3.960718373E-1,1.567648621E2,1.739632960E2,-5.251727551E1,-4.169951595E1
7.293628958E0,2.006855909E-1,8.295914235E-1,-3.368666103E-1,3.975225424E-1,1.568458932E2,1.738375880E2,-5.263364394E1,-4.115039832E1
7.303651958E0,1.971740314E-1,8.322569377E-1,-3.340177573E-1,3.961098749E-1,1.572564950E2,1.740340971E2,-5.228371031E1,-4.080502712E1
7.313674958E0,1.909913522E-1,8.370084470E-1,-3.334739365E-1,3.895308256E-1,1.579787120E2,1.745107014E2,-5.121138495E1,-4.081357423E1
7.323696958E0,1.842726704E-1,8.429650189E-1,-3.356544880E-1,3.778751673E-1,1.587625391E2,1.749615042E2,-4.953256725E1,-4.109753648E1
7.333719958E0,1.788302689E-1,8.486343391E-1,-3.389390130E-1,3.646365682E-1,1.593967326E2,1.751938560E2,-4.774090054E1,-4.141506072E1
7.343741958E0,1.753840791E-1,8.532453518E-1,-3.408297417E-1,3.536211627E-1,1.597979802E2,1.751639031E2,-4.630301063E1,-4.147966742E1
7.353764958E0,1.731048092E-1,8.569935553E-1,-3.400638492E-1,3.463427076E-1,1.600632229E2,1.750092711E2,-4.534570211E1,-4.120139123E1
7.363786958E0,1.713176564E-1,8.595817722E-1,-3.363409548E-1,3.444477009E-1,1.602711216E2,1.749009750E2,-4.502410598E1,-4.062476716E1
7.373809958E0,1.713256221E-1,8.599776154E-1,-3.296519128E-1,3.498796711E-1,1.602701951E2,1.747500518E2,-4.562132251E1,-3.973697981E1
7.383832958E0,1.737032628E-1,8.582540833E-1,-3.207560407E-1,3.610298622E-1,1.599935903E2,1.744012908E2,-4.698233922E1,-3.854959589E1
7.393854958E0,1.769748066E-1,8.561582048E-1,-3.114076168E-1,3.724224715E-1,1.596127996E2,1.738522139E2,-4.841118759E1,-3.720960235E1
7.403877958E0,1.788539343E-1,8.552189833E-1,-3.032827370E-1,3.803043431E-1,1.593939763E2,1.733644750E2,-4.937379686E1,-3.599879063E1
7.413899958E0,1.800967606E-1,8.547793917E-1,-2.971899043E-1,3.854808190E-1,1.592492082E2,1.729615244E2,-5.000031687E1,-3.505775187E1
7.423922958E0,1.805964326E-1,8.544733213E-1,-2.923930029E-1,3.895722032E-1,1.591909955E2,1.727044638E2,-5.047692727E1,-3.433833477E1
7.433945958E0,1.796115977E-1,8.550480779E-1,-2.877855516E-1,3.921885426E-1,1.593057254E2,1.726110816E2,-5.071982898E1,-3.369766619E1
7.443967958E0,1.788558942E-1,8.554191177E-1,-2.816001854E-1,3.961945690E-1,1.593937481E2,1.724132812E2,-5.112860136E1,-3.280940674E1
7.453990958E0,1.786946509E-1,8.548927035E-1,-2.722783984E-1,4.038456444E-1,1.594125277E2,1.720102108E2,-5.198027693E1,-3.143276540E1
7.464012958E0,1.778588156E-1,8.549149571E-1,-2.602691597E-1,4.120031880E-1,1.595098667E2,1.714636998E2,-5.284814784E1,-2.961670711E1
7.474035958E0,1.757626000E-1,8.571383508E-1,-2.476091947E-1,4.160661864E-1,1.597539205E2,1.708584661E2,-5.315813308E1,-2.764493491E1
7.484057958E0,1.735997396E-1,8.618354485E-1,-2.362491860E-1,4.138708519E-1,1.600056362E2,1.701506147E2,-5.269331171E1,-2.577214654E1
7.494080958E0,1.709388089E-1,8.676728713E-1,-2.269195596E-1,4.079597037E-1,1.603151843E2,1.696206737E2,-5.176970981E1,-2.426513620E1
7.504103958E0,1.676575503E-1,8.733119089E-1,-2.195350524E-1,4.012750449E-1,1.606966962E2,1.693740423E2,-5.075881427E1,-2.316939088E1
7.514125958E0,1.651524048E-1,8.781269756E-1,-2.140741274E-1,3.947023071E-1,1.609878238E2,1.691876682E2,-4.980986946E1,-2.236944709E1
7.524148958E0,1.641061409E-1,8.817397403E-1,-2.103496736E-1,3.890467585E-1,1.611093754E2,1.689436227E2,-4.903544736E1,-2.178038500E1
7.534170958E0,1.643270852E-1,8.837283761E-1,-2.082700849E-1,3.855443448E-1,1.610837086E2,1.686811165E2,-4.858013900E1,-2.140050063E1
7.544193958E0,1.659803902E-1,8.838334060E-1,-2.075829227E-1,3.849653630E-1,1.608916159E2,1.683614534E2,-4.853842079E1,-2.117271719E1
7.554215958E0,1.690708922E-1,8.821728202E-1,-2.075089128E-1,3.874613415E-1,1.605323937E2,1.679222163E2,-4.891915852E1,-2.096345444E1
7.564238958E0,1.739038607E-1,8.791568128E-1,-2.067318725E-1,3.925593084E-1,1.599702482E2,1.671966793E2,-4.965369153E1,-2.052248198E1
7.574261958E0,1.799037596E-1,8.757457840E-1,-2.050177601E-1,3.983362084E-1,1.592716917E2,1.662008080E2,-5.048422648E1,-1.982170153E1
7.584283958E0,1.862637086E-1,8.727768336E-1,-2.031694944E-1,4.028507786E-1,1.585303634E2,1.650835780E2,-5.115849605E1,-1.903713274E1
7.594306958E0,1.928589212E-1,8.703176914E-1,-2.021179727E-1,4.055871311E-1,1.577606504E2,1.639406286E2,-5.162273058E1,-1.834213473E1
7.604328958E0,1.993456162E-1,8.681182160E-1,-2.018027142E-1,4.073178915E-1,1.570026099E2,1.628461855E2,-5.196710304E1,-1.776484462E1
7.614351958E0,2.050575467E-1,8.662169927E-1,-2.016473399E-1,4.086047401E-1,1.563342644E2,1.618788463E2,-5.223968622E1,-1.726721072E1
7.624374958E0,2.098588314E-1,8.648959419E-1,-2.010530693E-1,4.092578898E-1,1.557718409E2,1.610184282E2,-5.240252210E1,-1.676722994E1
7.634396958E0,2.139697929E-1,8.639753915E-1,-1.995551492E-1,4.098061360E-1,1.552898113E2,1.601964380E2,-5.251591281E1,-1.616781289E1
7.644419958E0,2.184682841E-1,8.630808457E-1,-1.975113010E-1,4.103076941E-1,1.547618323E2,1.592591772E2,-5.261346463E1,-1.544064298E1
7.654441958E0,2.233389320E-1,8.623729473E-1,-1.958897432E-1,4.099510580E-1,1.541895588E2,1.582910602E2,-5.261381217E1,-1.476499360E1
7.664464958E0,2.281793500E-1,8.618067886E-1,-1.954217867E-1,4.086973367E-1,1.536201877E2,1.574259938E2,-5.252498343E1,-1.430399010E1
7.674486958E0,2.326723516E-1,8.612548757E-1,-1.962483286E-1,4.069276538E-1,1.530910890E2,1.567299183E2,-5.239721379E1,-1.410272439E1
7.684509958E0,2.364625123E-1,8.605664069E-1,-1.974208118E-1,4.056303527E-1,1.526443029E2,1.561801352E2,-5.232674989E1,-1.400988354E1
7.694532958E0,2.396828792E-1,8.596394713E-1,-1.976681716E-1,4.055852451E-1,1.522643512E2,1.556445752E2,-5.237933451E1,-1.378210633E1
7.704554958E0,2.424054603E-1,8.587269920E-1,-1.963545386E-1,4.065369841E-1,1.519428876E2,1.550598646E2,-5.250471064E1,-1.331024636E1
7.714577958E0,2.451172728E-1,8.581796309E-1,-1.941233266E-1,4.071378296E-1,1.516224714E2,1.544057648E2,-5.255720535E1,-1.269349691E1
7.724599958E0,2.485915271E-1,8.585562551E-1,-1.924175594E-1,4.050419880E-1,1.512116367E2,1.536995747E2,-5.229492978E1,-1.217862184E1
7.734622958E0,2.529856311E-1,8.603088896E-1,-1.920099993E-1,3.987469768E-1,1.506914859E2,1.530091596E2,-5.155843846E1,-1.193963752E1
7.744644958E0,2.582987787E-1,8.623269861E-1,-1.922680856E-1,3.907772290E-1,1.500617168E2,1.522521673E2,-5.064941604E1,-1.180533714E1
7.754667958E0,2.647697582E-1,8.629461023E-1,-1.928696265E-1,3.847368217E-1,1.492934555E2,1.513068643E2,-5.000908627E1,-1.159206876E1
7.764690958E0,2.720513954E-1,8.618011831E-1,-1.946249163E-1,3.813237594E-1,1.484272533E2,1.502693443E2,-4.974237661E1,-1.142219975E1
7.774712958E0,2.797791782E-1,8.590247173E-1,-1.978165285E-1,3.803535074E-1,1.475059484E2,1.492092801E2,-4.983196614E1,-1.135772147E1
7.784735958E0,2.886798076E-1,8.548460259E-1,-2.010302257E-1,3.814304278E-1,1.464421309E2,1.479015072E2,-5.019210422E1,-1.112021847E1
7.794757958E0,2.991354345E-1,8.501991462E-1,-2.023532364E-1,3.830567851E-1,1.451886346E2,1.461665712E2,-5.057090449E1,-1.042362385E1
7.804780958E0,3.111196116E-1,8.462901103E-1,-2.007460927E-1,3.830124730E-1,1.437465671E2,1.439931709E2,-5.064134780E1,-9.205601897E0
7.814803958E0,3.237567620E-1,8.434926132E-1,-1.971694690E-1,3.805601507E-1,1.422194584E2,1.416531420E2,-5.032419705E1,-7.759919663E0
7.824825958E0,3.358872941E-1,8.412185378E-1,-1.926858873E-1,3.773635704E-1,1.407469943E2,1.393941754E2,-4.984759540E1,-6.292796319E0
7.834848958E0,3.470987259E-1,8.391136399E-1,-1.882324827E-1,3.741379549E-1,1.393800749E2,1.373276210E2,-4.933732949E1,-4.945296489E0
7.844870958E0,3.571087262E-1,8.373684022E-1,-1.840138571E-1,3.707106179E-1,1.381545224E2,1.355203833E2,-4.878727708E1,-3.777496780E0
7.854893958E0,3.659349675E-1,8.361853823E-1,-1.794710590E-1,3.669817851E-1,1.370697329E2,1.339416714E2,-4.816589182E1,-2.712069312E0
7.864915958E0,3.740638410E-1,8.357724696E-1,-1.746648432E-1,3.620120708E-1,1.360670714E2,1.325610155E2,-4.737410105E1,-1.787916362E0
7.874938958E0,3.822126760E-1,8.357742187E-1,-1.698412417E-1,3.557370847E-1,1.350583832E2,1.312757535E2,-4.642417072E1,-9.944490926E-1
7.884961208E0,3.905245468E-1,8.357728489E-1,-1.646937839E-1,3.490704582E-1,1.340257157E2,1.300007928E2,-4.540776130E1,-2.164355086E-1
7.894983208E0,3.986835300E-1,8.358205802E-1,-1.589684506E-1,3.423220457E-1,1.330081893E2,1.287623387E2,-4.434649455E1,5.783244824E-1
7.905006208E0,4.064945370E-1,8.360584992E-1,-1.526655159E-1,3.353528799E-1,1.320303670E2,1.276006512E2,-4.322496336E1,1.365441304E0
7.915028208E0,4.140632048E-1,8.362330082E-1,-1.458248084E-1,3.286350727E-1,1.310793283E2,1.264748986E2,-4.209735501E1,2.183025501E0
7.925051208E0,4.214910179E-1,8.361976681E-1,-1.383642472E-1,3.224504230E-1,1.301424850E2,1.253511003E2,-4.098816773E1,3.069523283E0
7.935073208E0,4.291143765E-1,8.359309207E-1,-1.305887016E-1,3.162704254E-1,1.291772613E2,1.242152138E2,-3.985414397E1,3.966749936E0
7.945096208E0,4.366669811E-1,8.356690412E-1,-1.225656907E-1,3.097691317E-1,1.282171720E2,1.231288032E2,-3.866528802E1,4.825536540E0
7.955119208E0,4.442027112E-1,8.353877953E-1,-1.142739305E-1,3.029069926E-1,1.272553205E2,1.220836044E2,-3.741697608E1,5.648886541E0
7.965141208E0,4.523724458E-1,8.346080786E-1,-1.064804724E-1,2.957202068E-1,1.262080004E2,1.209965626E2,-3.615407115E1,6.386338374E0
7.975164208E0,4.612147176E-1,8.332166425E-1,-9.978283244E-2,2.882261284E-1,1.250689624E2,1.198717441E2,-3.491441773E1,6.975573786E0
7.985186208E0,4.706491369E-1,8.310873838E-1,-9.374597074E-2,2.810599682E-1,1.238471167E2,1.186723337E2,-3.373921467E1,7.513681584E0
7.995209208E0,4.800578729E-1,8.286132373E-1,-8.745483710E-2,2.744013141E-1,1.226216363E2,1.174599821E2,-3.259599450E1,8.087406486E0
8.005231208E0,4.895894670E-1,8.259310119E-1,-8.035157584E-2,2.677383188E-1,1.213727960E2,1.162278158E2,-3.139568385E1,8.721680739E0
8.015254208E0,4.992663939E-1,8.231726271E-1,-7.261193931E-2,2.604753947E-1,1.200970463E2,1.150073195E2,-3.008854980E1,9.348378227E0
8.025277208E0,5.088465201E-1,8.204294151E-1,-6.473827581E-2,2.525466664E-1,1.188259449E2,1.138453101E2,-2.870350274E1,9.899118630E0
8.035299208E0,5.184193233E-1,8.175494788E-1,-5.756669451E-2,2.440088212E-1,1.175474351E2,1.127337389E2,-2.730105668E1,1.029903778E1
8.045322208E0,5.283133276E-1,8.141424962E-1,-5.164539947E-2,2.353503939E-1,1.162168723E2,1.116012070E2,-2.596279483E1,1.054796657E1
8.055344208E0,5.387523328E-1,8.099197192E-1,-4.699002717E-2,2.270854918E-1,1.148025099E2,1.103847162E2,-2.473828272E1,1.069625177E1
8.065367208E0,5.503357303E-1,8.044944925E-1,-4.358548904E-2,2.191332138E-1,1.132199030E2,1.089942588E2,-2.361295578E1,1.076007702E1
8.075389208E0,5.636531545E-1,7.973992392E-1,-4.144088880E-2,2.114999665E-1,1.113823677E2,1.073358639E2,-2.258269075E1,1.075712713E1
8.085412208E0,5.781599944E-1,7.887987954E-1,-3.965044853E-2,2.048300802E-1,1.093575395E2,1.054469679E2,-2.165322107E1,1.080866519E1
8.095435208E0,5.935866260E-1,7.785796598E-1,-3.639961995E-2,2.003588475E-1,1.071761173E2,1.032983918E2,-2.080590479E1,1.117578947E1
8.105457208E0,6.098792068E-1,7.665542367E-1,-3.029380601E-2,1.988072113E-1,1.048384613E2,1.008587544E2,-1.998317248E1,1.204108496E1
8.115480208E0,6.264028155E-1,7.533468895E-1,-2.189499277E-2,1.990190202E-1,1.024295508E2,9.827648680E1,-1.910442577E1,1.323543829E1
8.125502208E0,6.423530375E-1,7.400817590E-1,-1.346393720E-2,1.986964283E-1,1.000649916E2,9.578623829E1,-1.814364575E1,1.433856549E1
8.135525208E0,6.581265588E-1,7.269144091E-1,-7.694117930E-3,1.959739315E-1,9.768570091E1,9.341568841E1,-1.715993332E1,1.496695539E1
8.145548208E0,6.733762790E-1,7.141583283E-1,-5.548843341E-3,1.910800291E-1,9.534362894E1,9.120020948E1,-1.628382317E1,1.506029797E1
8.155570208E0,6.886371260E-1,7.009583568E-1,-6.129584766E-3,1.854691246E-1,9.295535565E1,8.897454796E1,-1.557231443E1,1.484797407E1
8.165593208E0,7.037258664E-1,6.874525467E-1,-7.776198917E-3,1.792162181E-1,9.054659914E1,8.675512073E1,-1.491287343E1,1.447549568E1
8.175615208E0,7.184036960E-1,6.742569795E-1,-1.027995353E-2,1.707860687E-1,8.815431318E1,8.464123281E1,-1.418642624E1,1.381612823E1
8.185638208E0,7.334212714E-1,6.605100895E-1,-1.576332174E-2,1.599095054E-1,8.565203319E1,8.249613242E1,-1.355425327E1,1.270092178E1
8.195660208E0,7.472849926E-1,6.475420732E-1,-2.945988847E-2,1.462415143E-1,8.328852058E1,8.055050226E1,-1.349879606E1,1.069266023E1
8.205683208E0,7.579256810E-1,6.370172886E-1,-5.619852351E-2,1.288385326E-1,8.143665963E1,7.916156921E1,-1.443806702E1,7.338747972E0
8.215706208E0,7.632782675E-1,6.294452701E-1,-9.602194270E-2,1.094746478E-1,8.049187733E1,7.862062833E1,-1.652295852E1,2.764432368E0
8.225728208E0,7.622502216E-1,6.240508107E-1,-1.454934920E-1,9.147035702E-2,8.067404789E1,7.905783598E1,-1.963148490E1,-2.564553291E0
8.235751208E0,7.541774563E-1,6.203272841E-1,-2.010802329E-1,7.731133400E-2,8.209290092E1,8.061424183E1,-2.352923955E1,-8.331847160E0
8.245773208E0,7.386343940E-1,6.183567925E-1,-2.593974364E-1,6.904496723E-2,8.476956707E1,8.345495116E1,-2.794271751E1,-1.434011834E1
8.255796208E0,7.174969066E-1,6.155730142E-1,-3.189349808E-1,6.744355557E-2,8.830358956E1,8.736313357E1,-3.273147999E1,-2.059275148E1
8.265818208E0,6.920916925E-1,6.125359334E-1,-3.740866398E-1,7.660309835E-2,9.240817326E1,9.219365412E1,-3.770881853E1,-2.643932761E1
8.275841208E0,6.631993956E-1,6.112384427E-1,-4.209472340E-1,9.673475128E-2,9.691132846E1,9.793225593E1,-4.257851517E1,-3.164129509E1
8.285864208E0,6.317403978E-1,6.123960111E-1,-4.586341398E-1,1.246193591E-1,1.016427141E2,1.045167102E2,-4.706342637E1,-3.640493470E1
8.295886208E0,5.980012134E-1,6.147795102E-1,-4.903101834E-1,1.550378777E-1,1.065462424E2,1.120902858E2,-5.099038937E1,-4.154290269E1
8.305909208E0,5.627365027E-1,6.158987830E-1,-5.191130657E-1,1.857901782E-1,1.115094856E2,1.207483872E2,-5.440028252E1,-4.766886732E1
8.315931208E0,5.276913876E-1,6.136025437E-1,-5.452439379E-1,2.185014537E-1,1.163007930E2,1.303387291E2,-5.752087582E1,-5.474872937E1
8.325954208E0,4.949061444E-1,6.064517592E-1,-5.679845045E-1,2.543184040E-1,1.206728768E2,1.407260915E2,-6.053562800E1,-6.272229865E1
8.335976208E0,4.649615883E-1,5.944142597E-1,-5.870657539E-1,2.929780855E-1,1.245845277E2,1.521994839E2,-6.340928091E1,-7.190375453E1
8.345999208E0,4.375504107E-1,5.783305785E-1,-6.021782874E-1,3.338633576E-1,1.281046163E2,1.652186358E2,-6.594203340E1,-8.269519962E1
8.356022208E0,4.128335376E-1,5.586518751E-1,-6.127585820E-1,3.768336093E-1,1.312340841E2,-1.799151406E2,-6.796764885E1,-9.534637046E1
8.366044208E0,3.907713259E-1,5.360675759E-1,-6.185755162E-1,4.210626189E-1,1.339949959E2,-1.633075723E2,-6.920863506E1,-1.097345226E2
8.376067208E0,3.709817710E-1,5.120192506E-1,-6.195712013E-1,4.651241223E-1,1.364476432E2,-1.460734796E2,-6.939099919E1,-1.247074599E2
8.386089208E0,3.530482975E-1,4.880594732E-1,-6.163028501E-1,5.072727304E-1,1.386522473E2,-1.300681099E2,-6.848598126E1,-1.384166094E2
8.396112208E0,3.363179532E-1,4.652043436E-1,-6.104762907E-1,5.457049928E-1,1.406945961E2,-1.167605040E2,-6.668704745E1,-1.494879635E2
8.406134208E0,3.195901430E-1,4.438101976E-1,-6.040002430E-1,5.797227047E-1,1.427237194E2,-1.065197170E2,-6.424215475E1,-1.576036614E2
8.416157208E0,3.016116250E-1,4.235681305E-1,-5.980830257E-1,6.098500517E-1,1.448911464E2,-9.890046092E1,-6.133073939E1,-1.631852375E2
8.426180208E0,2.823493246E-1,4.031329939E-1,-5.931562119E-1,6.371250581E-1,1.471990602E2,-9.311035732E1,-5.806478892E1,-1.670591419E2
8.436202208E0,2.619984448E-1,3.812746162E-1,-5.897224344E-1,6.619773056E-1,1.496226482E2,-8.864776205E1,-5.446917736E1,-1.698093004E2
8.446225208E0,2.394245717E-1,3.591652751E-1,-5.891780130E-1,6.830413100E-1,1.522948388E2,-8.568625621E1,-5.060390455E1,-1.712863982E2
8.456247208E0,2.120940895E-1,3.404983305E-1,-5.928793703E-1,6.982629183E-1,1.555098009E2,-8.455873656E1,-4.663607502E1,-1.709880546E2
8.466270208E0,1.800412005E-1,3.274036102E-1,-5.995917933E-1,7.077300699E-1,1.592556807E2,-8.479342509E1,-4.279124755E1,-1.691786079E2
8.476293208E0,1.466198665E-1,3.197054778E-1,-6.056800847E-1,7.137524963E-1,1.631378133E2,-8.541048066E1,-3.934516168E1,-1.666945889E2
8.486315208E0,1.160974560E-1,3.163692176E-1,-6.089725122E-1,7.180420339E-1,1.666661427E2,-8.584989913E1,-3.656491164E1,-1.642071245E2
8.496338208E0,8.995448239E-2,3.155529701E-1,-6.083488547E-1,7.226660911E-1,1.696780230E2,-8.578089772E1,-3.443884481E1,-1.620684516E2
8.506360208E0,6.633307041E-2,3.172104160E-1,-6.051190785E-1,7.271921147E-1,1.723932047E2,-8.546837251E1,-3.279430371E1,-1.600060018E2
8.516383208E0,4.321033994E-2,3.225011520E-1,-6.013661124E-1,7.297154887E-1,1.750469176E2,-8.537777257E1,-3.150941325E1,-1.576045932E2
8.526405208E0,2.030163117E-2,3.308694299E-1,-5.989359040E-1,7.289643054E-1,1.776734446E2,-8.576919669E1,-3.044445073E1,-1.548244035E2
8.536428208E0,6.522224807E-4,-3.398969371E-1,5.981425423E-1,-7.257376691E-1,1.799252608E2,-8.648269746E1,-2.950975768E1,-1.520751028E2
8.546450208E0,1.734819076E-2,-3.472904848E-1,5.976711087E-1,-7.224109341E-1,1.780119440E2,-8.709985240E1,-2.875307769E1,-1.498606245E2
8.556473208E0,2.894293630E-2,-3.524272795E-1,5.980999740E-1,-7.191895872E-1,1.766829206E2,-8.764995586E1,-2.818386222E1,-1.482973572E2
8.566496208E0,3.597218769E-2,-3.543999943E-1,6.000457359E-1,-7.162763971E-1,1.758770014E2,-8.814333066E1,-2.767960078E1,-1.474206575E2
8.576518208E0,3.782266615E-2,-3.509393798E-1,6.027978619E-1,-7.155736616E-1,1.756648077E2,-8.826391380E1,-2.717096233E1,-1.475600446E2
8.586541208E0,3.254438450E-2,-3.406230536E-1,6.054264344E-1,-7.185927879E-1,1.762700296E2,-8.776207113E1,-2.675215825E1,-1.490518357E2
8.596563208E0,2.180155321E-2,-3.280528508E-1,6.073854094E-1,-7.231797347E-1,1.775015281E2,-8.699111532E1,-2.661533935E1,-1.512484288E2
8.606586208E0,1.362700335E-2,-3.229426614E-1,6.079379230E-1,-7.252129830E-1,1.784384121E2,-8.664299354E1,-2.686152023E1,-1.524640359E2
8.616608208E0,1.444646453E-2,-3.307767490E-1,6.079094317E-1,-7.216815407E-1,1.783444995E2,-8.728477075E1,-2.737850388E1,-1.515510308E2
8.626631208E0,2.200881034E-2,-3.467450835E-1,6.084624932E-1,-7.134821874E-1,1.774777725E2,-8.876270006E1,-2.790518637E1,-1.491347348E2
8.636654208E0,3.023490579E-2,-3.624646674E-1,6.095717245E-1,-7.043631689E-1,1.765348069E2,-9.038494104E1,-2.827817833E1,-1.466230639E2
8.646676208E0,3.514197907E-2,-3.738481413E-1,6.109653206E-1,-6.969390015E-1,1.759721965E2,-9.170176348E1,-2.856514353E1,-1.448371457E2
8.656699208E0,3.638977867E-2,-3.817445957E-1,6.126026519E-1,-6.911331045E-1,1.758291177E2,-9.275088961E1,-2.888725986E1,-1.437271495E2
8.666721208E0,3.582850908E-2,-3.885021790E-1,6.142123138E-1,-6.859487471E-1,1.758934764E2,-9.370591954E1,-2.927307216E1,-1.428818169E2
8.676744208E0,3.564247289E-2,-3.954981239E-1,6.161439144E-1,-6.802041317E-1,1.759148082E2,-9.475734674E1,-2.961154975E1,-1.419495979E2
8.686766208E0,3.570116238E-2,-4.020939055E-1,6.192997334E-1,-6.734343152E-1,1.759080786E2,-9.598270538E1,-2.982471465E1,-1.409872079E2
8.696789208E0,3.286644964E-2,-4.055359754E-1,6.231580877E-1,-6.679329292E-1,1.762331039E2,-9.700559029E1,-3.005159637E1,-1.406064719E2
8.706812208E0,2.341826417E-2,-4.020610204E-1,6.257727412E-1,-6.679872987E-1,1.773162193E2,-9.710081015E1,-3.051968007E1,-1.416514885E2
8.716834208E0,7.535118944E-3,-3.900408973E-1,6.255432200E-1,-6.756530307E-1,1.791365308E2,-9.582750849E1,-3.117391559E1,-1.443923657E2
8.726857208E0,9.183545409E-3,3.729300986E-1,-6.231091763E-1,6.874400923E-1,1.789476284E2,-9.368163211E1,-3.161298402E1,-1.479331479E2
8.736879208E0,2.001265130E-2,3.573515698E-1,-6.213274183E-1,6.970305866E-1,1.777065660E2,-9.184870435E1,-3.153630757E1,-1.507723787E2
8.746902208E0,2.204503555E-2,3.480452716E-1,-6.224035327E-1,7.007084260E-1,1.774736203E2,-9.113943388E1,-3.101071222E1,-1.520011722E2
8.756924208E0,1.708757572E-2,3.456162013E-1,-6.261586272E-1,6.987008662E-1,1.780418128E2,-9.152965722E1,-3.028912540E1,-1.517322635E2
8.766947208E0,9.311861490E-3,3.478052875E-1,-6.306155090E-1,6.937355460E-1,1.789329239E2,-9.245852014E1,-2.962453745E1,-1.506750007E2
8.776970208E0,3.224023177E-3,3.508191454E-1,-6.343213760E-1,6.888772155E-1,1.796305535E2,-9.334027444E1,-2.917198392E1,-1.496932541E2
8.786992208E0,2.546786542E-3,3.508678566E-1,-6.366169568E-1,6.867344908E-1,1.797081594E2,-9.372296184E1,-2.902222005E1,-1.495432473E2
8.797015208E0,8.473497453E-3,3.471336669E-1,-6.372053900E-1,6.880375660E-1,1.790289971E2,-9.348655184E1,-2.924077274E1,-1.504204208E2
8.807037208E0,1.849974802E-2,3.423145963E-1,-6.365130016E-1,6.908905494E-1,1.778799641E2,-9.294899004E1,-2.977230811E1,-1.517973020E2
8.817060208E0,2.797488641E-2,3.399634449E-1,-6.354151921E-1,6.927407750E-1,1.767938959E2,-9.256961054E1,-3.043525696E1,-1.528622652E2
8.827082208E0,3.285462745E-2,3.423265765E-1,-6.345540055E-1,6.921518360E-1,1.762344594E2,-9.265513505E1,-3.103623140E1,-1.530021858E2
8.837105208E0,3.151713936E-2,3.497358976E-1,-6.339232463E-1,6.890811009E-1,1.763878037E2,-9.324934262E1,-3.146325824E1,-1.520358872E2
8.847128208E0,2.493443383E-2,3.608975106E-1,-6.331772155E-1,6.842644326E-1,1.771424282E2,-9.420061183E1,-3.170019127E1,-1.501945182E2
8.857150208E0,1.539497936E-2,3.738303869E-1,-6.322231478E-1,6.784597368E-1,1.782357956E2,-9.532654854E1,-3.178436508E1,-1.478927864E2
8.867173208E0,6.023353635E-3,3.858197218E-1,-6.312681108E-1,6.727610404E-1,1.793097703E2,-9.639732720E1,-3.178502568E1,-1.457006060E2
8.877195792E0,8.737673899E-4,-3.945621056E-1,6.305568932E-1,-6.683695916E-1,1.798998736E2,-9.719957300E1,-3.175746474E1,-1.440856105E2
8.887218792E0,4.655835914E-3,-3.990912797E-1,6.301639266E-1,-6.660313899E-1,1.794664786E2,-9.761754149E1,-3.171852837E1,-1.432308055E2
8.897240792E0,5.575754103E-3,-3.996579862E-1,6.301491752E-1,-6.656984508E-1,1.793610623E2,-9.767278186E1,-3.167337926E1,-1.430898039E2
8.907263792E0,4.624921201E-3,-3.977616731E-1,6.301625357E-1,-6.668278599E-1,1.794700212E2,-9.746734300E1,-3.164456504E1,-1.434084263E2
8.917286792E0,1.771874585E-3,-3.938088677E-1,6.303692449E-1,-6.689888131E-1,1.797969580E2,-9.707824628E1,-3.164627165E1,-1.441265903E2
8.927308792E0,2.079441212E-3,3.886511260E-1,-6.305443019E-1,6.718331564E-1,1.797617134E2,-9.656185337E1,-3.165745829E1,-1.450738679E2
8.937331792E0,5.658909836E-3,3.830061457E-1,-6.303907187E-1,6.751902161E-1,1.793515332E2,-9.594352996E1,-3.162373237E1,-1.460740624E2
8.947353792E0,7.590394536E-3,3.780196045E-1,-6.297209842E-1,6.785978521E-1,1.791301965E2,-9.530957732E1,-3.150723617E1,-1.468839798E2
8.957376792E0,7.299454840E-3,3.748220496E-1,-6.292403837E-1,6.808169679E-1,1.791635367E2,-9.489237854E1,-3.130251690E1,-1.472867462E2
8.967398792E0,3.818378035E-3,3.751872415E-1,-6.289226492E-1,6.809378029E-1,1.795624450E2,-9.486233769E1,-3.104835363E1,-1.469906348E2
8.977421792E0,1.097293201E-4,-3.771437930E-1,6.295212082E-1,-6.793126837E-1,1.799874259E2,-9.514846700E1,-3.081441612E1,-1.464224931E2
8.987444792E0,3.761543009E-3,-3.800269957E-1,6.301807010E-1,-6.770802916E-1,1.795689579E2,-9.554318545E1,-3.065561544E1,-1.457569747E2
8.997466792E0,6.639435193E-3,-3.829505751E-1,6.302503908E-1,-6.753438203E-1,1.792391712E2,-9.584952186E1,-3.058909583E1,-1.451688038E2
9.007489792E0,9.061277402E-3,-3.855826458E-1,6.295225990E-1,-6.744962894E-1,1.789616399E2,-9.599696602E1,-3.057990954E1,-1.446836825E2
9.017511792E0,1.209053999E-2,-3.883350984E-1,6.283514119E-1,-6.739616566E-1,1.786144924E2,-9.608285458E1,-3.054744748E1,-1.441550188E2
9.027534792E0,1.652177535E-2,-3.914147581E-1,6.273313844E-1,-6.730356482E-1,1.781066579E2,-9.622381254E1,-3.040725100E1,-1.434728740E2
9.037556792E0,2.189149459E-2,-3.942531797E-1,6.268214075E-1,-6.716994666E-1,1.774912191E2,-9.641920509E1,-3.014533893E1,-1.427307672E2
9.047579792E0,2.741452298E-2,-3.967036186E-1,6.264735063E-1,-6.703772146E-1,1.768581334E2,-9.659893502E1,-2.983693086E1,-1.420207554E2
9.057601792E0,3.082569924E-2,-3.975190864E-1,6.266134233E-1,-6.696148414E-1,1.764670754E2,-9.669160577E1,-2.958655159E1,-1.416582083E2
9.067624792E0,3.188154101E-2,-3.969266386E-1,6.263949657E-1,-6.701210039E-1,1.763460253E2,-9.658552284E1,-2.947454803E1,-1.416638507E2
9.077647792E0,3.153749629E-2,-3.955636833E-1,6.248635283E-1,-6.723692433E-1,1.763854698E2,-9.619059170E1,-2.950611492E1,-1.419210806E2
9.087669792E0,3.044462851E-2,-3.935873017E-1,6.224364915E-1,-6.758217024E-1,1.765107634E2,-9.558918515E1,-2.960976081E1,-1.423459386E2
9.097692792E0,2.998208792E-2,-3.919769233E-1,6.200691347E-1,-6.789472916E-1,1.765637909E2,-9.503563531E1,-2.967511850E1,-1.426745328E2
9.107714792E0,2.959235601E-2,-3.895957001E-1,6.194908061E-1,-6.808602949E-1,1.766084707E2,-9.469062612E1,-2.959434863E1,-1.430252538E2
9.117737792E0,2.864837197E-2,-3.853317456E-1,6.207887183E-1,-6.821438139E-1,1.767166892E2,-9.445580630E1,-2.934939996E1,-1.435794247E2
9.127759792E0,2.723577820E-2,-3.795353422E-1,6.226189347E-1,-6.837812190E-1,1.768786237E2,-9.415795380E1,-2.902054809E1,-1.443336136E2
9.137782792E0,2.551220390E-2,-3.730398912E-1,6.243282739E-1,-6.858604284E-1,1.770761996E2,-9.378322493E1,-2.867564614E1,-1.451937400E2
9.147805792E0,2.322255528E-2,-3.666328432E-1,6.256351318E-1,-6.882018334E-1,1.773386519E2,-9.336787521E1,-2.839693139E1,-1.460932137E2
9.157827792E0,2.024205660E-2,-3.614900110E-1,6.259216355E-1,-6.907513384E-1,1.776802727E2,-9.292339901E1,-2.829813412E1,-1.469268436E2
9.167850792E0,1.746995300E-2,-3.591681411E-1,6.251064312E-1,-6.927733967E-1,1.779979890E2,-9.257525401E1,-2.841165308E1,-1.474490673E2
9.177872792E0,1.668296597E-2,-3.609451049E-1,6.237162068E-1,-6.931222250E-1,1.780881842E2,-9.252155683E1,-2.865583807E1,-1.473533875E2
9.187895792E0,1.931590067E-2,-3.667078013E-1,6.221688696E-1,-6.914175325E-1,1.777864232E2,-9.282392739E1,-2.888550593E1,-1.465195905E2
9.197917792E0,2.486143549E-2,-3.744448985E-1,6.204640822E-1,-6.886198037E-1,1.771507958E2,-9.330157139E1,-2.900258564E1,-1.452195800E2
9.207940792E0,3.201270201E-2,-3.822853292E-1,6.180917837E-1,-6.861455729E-1,1.763309877E2,-9.369512946E1,-2.901464736E1,-1.437981041E2
9.217963792E0,3.842983365E-2,-3.883395238E-1,6.155255780E-1,-6.847217470E-1,1.755951808E2,-9.389077367E1,-2.897971525E1,-1.426522399E2
9.227985792E0,4.197299276E-2,-3.904733977E-1,6.138264067E-1,-6.848255547E-1,1.751888360E2,-9.383176391E1,-2.890010972E1,-1.421771212E2
9.238008792E0,4.345784731E-2,-3.887180025E-1,6.126889265E-1,-6.867474299E-1,1.750185287E2,-9.346364268E1,-2.872785627E1,-1.423198346E2
9.248030792E0,4.302546279E-2,-3.829597315E-1,6.121097445E-1,-6.905159904E-1,1.750681227E2,-9.278158825E1,-2.843796853E1,-1.430774390E2
9.258053792E0,4.119860764E-2,-3.743977678E-1,6.118121877E-1,-6.955680067E-1,1.752776508E2,-9.188169669E1,-2.806199147E1,-1.442603747E2
9.268075792E0,3.890318490E-2,-3.652662421E-1,6.118791907E-1,-7.004791471E-1,1.755408981E2,-9.101114259E1,-2.765294024E1,-1.455164230E2
9.278098792E0,3.734442586E-2,-3.578083362E-1,6.123907902E-1,-7.039574422E-1,1.757196487E2,-9.039308094E1,-2.725973229E1,-1.464863677E2
9.288121792E0,3.725587533E-2,-3.534070357E-1,6.129406274E-1,-7.057048084E-1,1.757298029E2,-9.007619510E1,-2.694473158E1,-1.469767670E2
9.298143792E0,3.830535293E-2,-3.521770431E-1,6.128192234E-1,-7.063686845E-1,1.756094557E2,-8.994558424E1,-2.678123315E1,-1.470352296E2
9.308166792E0,3.979545476E-2,-3.532334012E-1,6.116603642E-1,-7.067631369E-1,1.754385723E2,-8.985908769E1,-2.678360352E1,-1.468343701E2
9.318188792E0,4.165960987E-2,-3.555782095E-1,6.098978568E-1,-7.070030367E-1,1.752247784E2,-8.979590773E1,-2.687037453E1,-1.464773096E2
9.328211792E0,4.435749286E-2,-3.585671059E-1,6.081210194E-1,-7.068598428E-1,1.749153374E2,-8.979197325E1,-2.693400616E1,-1.459785335E2
9.338233792E0,4.801562858E-2,-3.617957863E-1,6.065419667E-1,-7.063322064E-1,1.744956979E2,-8.984440038E1,-2.692662315E1,-1.453659254E2
9.348256792E0,5.234257156E-2,-3.653272497E-1,6.048176759E-1,-7.056853576E-1,1.739992409E2,-8.990600298E1,-2.689113724E1,-1.446673184E2
9.358278792E0,5.659377666E-2,-3.689310054E-1,6.026145442E-1,-7.053671279E-1,1.735113641E2,-8.990420071E1,-2.688846381E1,-1.439804501E2
9.368301792E0,6.023779318E-2,-3.718660066E-1,6.000001120E-1,-7.057526872E-1,1.730930760E2,-8.977953978E1,-2.691097351E1,-1.434315940E2
9.378324792E0,6.297902421E-2,-3.733501763E-1,5.975956237E-1,-7.067692692E-1,1.727783561E2,-8.955165156E1,-2.690245266E1,-1.431155489E2
9.388346792E0,6.516448581E-2,-3.732567262E-1,5.957199731E-1,-7.082025360E-1,1.725274050E2,-8.925566479E1,-2.681063100E1,-1.430087650E2
9.398369792E0,6.764845248E-2,-3.718726026E-1,5.940956546E-1,-7.100597791E-1,1.722421336E2,-8.887715675E1,-2.659776785E1,-1.430161540E2
9.408391792E0,7.103722769E-2,-3.696863297E-1,5.925361685E-1,-7.121704089E-1,1.718528714E2,-8.843675898E1,-2.625551878E1,-1.430351631E2
9.418414792E0,7.514001265E-2,-3.674772763E-1,5.911458809E-1,-7.140455644E-1,1.713814657E2,-8.802512907E1,-2.584598976E1,-1.429874761E2
9.428436792E0,7.944225758E-2,-3.663056993E-1,5.898794314E-1,-7.152282260E-1,1.708869852E2,-8.773191081E1,-2.548416584E1,-1.427986614E2
9.438459792E0,8.356921377E-2,-3.667362188E-1,5.883153302E-1,-7.158252572E-1,1.704124918E2,-8.754246582E1,-2.525882204E1,-1.424522654E2
9.448482792E0,8.712607061E-2,-3.683667013E-1,5.861477283E-1,-7.163420619E-1,1.700034132E2,-8.737309574E1,-2.518963687E1,-1.420366238E2
9.458504792E0,8.951927403E-2,-3.702047570E-1,5.837318394E-1,-7.170716870E-1,1.697280962E2,-8.718571669E1,-2.524033712E1,-1.417018360E2
9.468527792E0,9.086904793E-2,-3.716704768E-1,5.816301235E-1,-7.178510876E-1,1.695727905E2,-8.701063864E1,-2.533460092E1,-1.414865017E2
9.478549792E0,9.207472175E-2,-3.728901329E-1,5.799522470E-1,-7.184223249E-1,1.694340488E2,-8.687670531E1,-2.540330938E1,-1.412979125E2
9.488572792E0,9.411494532E-2,-3.745880714E-1,5.782269973E-1,-7.186651961E-1,1.691992366E2,-8.678310472E1,-2.544009766E1,-1.409861269E2
9.498594792E0,9.718774561E-2,-3.772245885E-1,5.759139151E-1,-7.187345277E-1,1.688454976E2,-8.669444028E1,-2.548692556E1,-1.404979572E2
9.508617792E0,1.007715975E-1,-3.803587862E-1,5.730422922E-1,-7.188843808E-1,1.684327916E2,-8.657487795E1,-2.555486591E1,-1.399249893E2
9.518640792E0,1.045563845E-1,-3.832469412E-1,5.700305627E-1,-7.192042754E-1,1.679967828E2,-8.641612241E1,-2.559868228E1,-1.393645083E2
9.528662792E0,1.086853427E-1,-3.851496817E-1,5.671428503E-1,-7.198583945E-1,1.675209262E2,-8.618585772E1,-2.554540517E1,-1.388803410E2
9.538685792E0,1.131152715E-1,-3.855022296E-1,5.645476687E-1,-7.210263258E-1,1.670101426E2,-8.585316996E1,-2.535316534E1,-1.385349814E2
9.548707792E0,1.175066148E-1,-3.845042344E-1,5.624655722E-1,-7.224826891E-1,1.665035520E2,-8.546835560E1,-2.504996536E1,-1.383274689E2
9.558730792E0,1.216358680E-1,-3.832280910E-1,5.609583377E-1,-7.236481759E-1,1.660269548E2,-8.514214557E1,-2.471969294E1,-1.381544029E2
9.568752792E0,1.257825068E-1,-3.832556287E-1,5.596008140E-1,-7.239757623E-1,1.655481064E2,-8.496242909E1,-2.446640272E1,-1.378285253E2
9.578775792E0,1.303869657E-1,-3.857529348E-1,5.575928328E-1,-7.233838519E-1,1.650160917E2,-8.492535568E1,-2.437387926E1,-1.372049944E2
9.588797792E0,1.350655609E-1,-3.908387582E-1,5.544425613E-1,-7.222160049E-1,1.644751781E2,-8.497651016E1,-2.450469598E1,-1.363143378E2
9.598820792E0,1.390730308E-1,-3.974978601E-1,5.502852963E-1,-7.209994993E-1,1.640115798E2,-8.504610925E1,-2.484291065E1,-1.353255014E2
9.608843792E0,1.420853082E-1,-4.041509615E-1,5.458303217E-1,-7.200993691E-1,1.636629359E2,-8.508587856E1,-2.527407641E1,-1.344229686E2
9.618865792E0,1.439309187E-1,-4.096141097E-1,5.420427636E-1,-7.195066158E-1,1.634492481E2,-8.511057633E1,-2.568395285E1,-1.337332641E2
9.628888792E0,1.447546156E-1,-4.134437884E-1,5.396061226E-1,-7.189823301E-1,1.633538604E2,-8.516374507E1,-2.599524812E1,-1.332812855E2
9.638910792E0,1.452759721E-1,-4.153737189E-1,5.382520866E-1,-7.187796881E-1,1.632934791E2,-8.517525236E1,-2.615073498E1,-1.330464226E2
9.648933792E0,1.458158311E-1,-4.150833482E-1,5.373482685E-1,-7.195139283E-1,1.632309500E2,-8.502013854E1,-2.614272709E1,-1.330574171E2
9.658955792E0,1.457449612E-1,-4.128123864E-1,5.366745142E-1,-7.213354940E-1,1.632391588E2,-8.469075763E1,-2.604757120E1,-1.333463838E2
9.668978792E0,1.444274718E-1,-4.092466471E-1,5.362980059E-1,-7.239076951E-1,1.633917465E2,-8.426810806E1,-2.595093221E1,-1.338849915E2
9.679001792E0,1.421318594E-1,-4.053398134E-1,5.360129984E-1,-7.267655465E-1,1.636575468E2,-8.382383810E1,-2.590020289E1,-1.345436831E2
9.689023792E0,1.398786678E-1,-4.021034254E-1,5.353671559E-1,-7.294715638E-1,1.639183493E2,-8.339993160E1,-2.590454471E1,-1.351293790E2
9.699046792E0,1.385933364E-1,-4.000924465E-1,5.341555867E-1,-7.317074752E-1,1.640670863E2,-8.302458636E1,-2.594068597E1,-1.355043013E2
9.709068792E0,1.386280022E-1,-3.994375266E-1,5.325285919E-1,-7.332429481E-1,1.640630751E2,-8.273176744E1,-2.598416639E1,-1.356194574E2
9.719091792E0,1.396944018E-1,-4.002185024E-1,5.307475557E-1,-7.339056652E-1,1.639396740E2,-8.256441589E1,-2.605031902E1,-1.354846016E2
9.729113792E0,1.416542513E-1,-4.030630407E-1,5.287214250E-1,-7.334357067E-1,1.637128361E2,-8.257287551E1,-2.619645756E1,-1.350426172E2
9.739136792E0,1.450060637E-1,-4.086446216E-1,5.260107188E-1,-7.316390287E-1,1.633247393E2,-8.277223314E1,-2.644965153E1,-1.341799730E2
9.749159792E0,1.502915103E-1,-4.167678102E-1,5.222176131E-1,-7.287014987E-1,1.627123592E2,-8.310471500E1,-2.677120559E1,-1.328718141E2
9.759181792E0,1.572963798E-1,-4.263334273E-1,5.174125668E-1,-7.251081638E-1,1.618999938E2,-8.348246942E1,-2.709720305E1,-1.312519287E2
9.769204792E0,1.651052425E-1,-4.360215127E-1,5.120893777E-1,-7.213805490E-1,1.609933035E2,-8.383871539E1,-2.738566173E1,-1.295382832E2
9.779226792E0,1.728912827E-1,-4.450846393E-1,5.067423387E-1,-7.177885417E-1,1.600880658E2,-8.415512947E1,-2.762810230E1,-1.278815110E2
9.789249792E0,1.803622541E-1,-4.532116817E-1,5.015854690E-1,-7.144792344E-1,1.592182784E2,-8.441836647E1,-2.781942409E1,-1.263440005E2
9.799271792E0,1.877767488E-1,-4.602066809E-1,4.965870503E-1,-7.115834719E-1,1.583538677E2,-8.459486929E1,-2.793411434E1,-1.249329070E2
9.809294792E0,1.953156399E-1,-4.658986536E-1,4.918716200E-1,-7.091210002E-1,1.574736740E2,-8.467386831E1,-2.794453433E1,-1.236555785E2
9.819316792E0,2.027803104E-1,-4.704799588E-1,4.877610109E-1,-7.068365988E-1,1.566008174E2,-8.471234605E1,-2.785841442E1,-1.225021712E2
9.829339792E0,2.099378989E-1,-4.746860071E-1,4.842893292E-1,-7.043174395E-1,1.557625740E2,-8.479666982E1,-2.773079778E1,-1.214022839E2
9.839362792E0,2.165798208E-1,-4.791555151E-1,4.810643334E-1,-7.014842441E-1,1.549835431E2,-8.495050778E1,-2.763662558E1,-1.203031096E2
9.849384792E0,2.225108939E-1,-4.839549756E-1,4.777783662E-1,-6.985730770E-1,1.542868944E2,-8.514252879E1,-2.761538949E1,-1.192200579E2
9.859407792E0,2.275661976E-1,-4.883877260E-1,4.746848741E-1,-6.959635548E-1,1.536923483E2,-8.531888857E1,-2.762971968E1,-1.182528089E2
9.869429792E0,2.316232743E-1,-4.913287528E-1,4.723104695E-1,-6.941682466E-1,1.532146809E2,-8.540215689E1,-2.760241855E1,-1.175509775E2
9.879452583E0,2.346092521E-1,-4.922155271E-1,4.708532797E-1,-6.935269823E-1,1.528628187E2,-8.534123261E1,-2.750308852E1,-1.171945862E2
9.889474583E0,2.362762653E-1,-4.912337940E-1,4.703284316E-1,-6.940130830E-1,1.526662676E2,-8.515829596E1,-2.736068438E1,-1.171828172E2
9.899497583E0,2.364433565E-1,-4.888491214E-1,4.706467286E-1,-6.954227054E-1,1.526465620E2,-8.490104093E1,-2.721630226E1,-1.174720716E2
9.909520583E0,2.354154160E-1,-4.856088888E-1,4.714803761E-1,-6.974738872E-1,1.527677772E2,-8.460015003E1,-2.709141662E1,-1.179683360E2
9.919542583E0,2.341083368E-1,-4.821957754E-1,4.722922703E-1,-6.997289332E-1,1.529218638E2,-8.427776566E1,-2.697987804E1,-1.185097657E2
9.929565583E0,2.335232964E-1,-4.794686623E-1,4.725256387E-1,-7.016383119E-1,1.529908157E2,-8.397257711E1,-2.688078948E1,-1.189066169E2
9.939587583E0,2.339313833E-1,-4.781197221E-1,4.719863158E-1,-7.027848537E-1,1.529427203E2,-8.374315837E1,-2.682107153E1,-1.190515073E2
9.949610583E0,2.351823650E-1,-4.784429970E-1,4.707529218E-1,-7.029745356E-1,1.527952544E2,-8.363276368E1,-2.682332776E1,-1.189205956E2
9.959632583E0,2.371381052E-1,-4.803629660E-1,4.689802982E-1,-7.021925851E-1,1.525646193E2,-8.365195871E1,-2.688417810E1,-1.185325539E2
9.969655583E0,2.396960817E-1,-4.833562293E-1,4.668254200E-1,-7.007043799E-1,1.522627929E2,-8.375917684E1,-2.697406935E1,-1.179582513E2
9.979678583E0,2.427550368E-1,-4.867216492E-1,4.644405887E-1,-6.989040983E-1,1.519015958E2,-8.388972995E1,-2.705547165E1,-1.172917509E2
9.989700583E0,2.459853609E-1,-4.899278258E-1,4.620648736E-1,-6.971068513E-1,1.515198541E2,-8.400702177E1,-2.711266659E1,-1.166264994E2
9.999723583E0,2.489870384E-1,-4.926955580E-1,4.598804538E-1,-6.955333620E-1,1.511648431E2,-8.409624603E1,-2.715272121E1,-1.160325009E2
1.000974558E1,2.514419237E-1,-4.947371448E-1,4.581030435E-1,-6.943728906E-1,1.508742916E2,-8.414488786E1,-2.717382134E1,-1.155735710E2
1.001976858E1,2.532839096E-1,-4.958529971E-1,4.569240552E-1,-6.936840425E-1,1.506561550E2,-8.414908406E1,-2.715940208E1,-1.152798324E2
1.002979058E1,2.545322360E-1,-4.961589542E-1,4.563994402E-1,-6.933536745E-1,1.505082606E2,-8.412898280E1,-2.710937282E1,-1.151343578E2
1.003981358E1,2.551851118E-1,-4.959741653E-1,4.563430648E-1,-6.932830153E-1,1.504308917E2,-8.410163491E1,-2.705187475E1,-1.150993344E2
1.004983558E1,2.552490696E-1,-4.953721055E-1,4.564349792E-1,-6.936292306E-1,1.504233116E2,-8.403732502E1,-2.701346859E1,-1.151703017E2
1.005985858E1,2.549179850E-1,-4.943137928E-1,4.565049482E-1,-6.944595024E-1,1.504625491E2,-8.391144869E1,-2.698898378E1,-1.153373826E2
1.006988158E1,2.545062946E-1,-4.930356501E-1,4.566007875E-1,-6.954554324E-1,1.505113345E2,-8.376120645E1,-2.695901933E1,-1.155396817E2
1.007990358E1,2.542522966E-1,-4.919038782E-1,4.567322462E-1,-6.962629871E-1,1.505414305E2,-8.363479252E1,-2.691951834E1,-1.157073914E2
1.008992658E1,2.542608946E-1,-4.911422333E-1,4.566996759E-1,-6.968185669E-1,1.505404118E2,-8.353598234E1,-2.688699760E1,-1.158056169E2
1.009994858E1,2.545795880E-1,-4.907937763E-1,4.563184866E-1,-6.971973195E-1,1.505026496E2,-8.344751896E1,-2.687345326E1,-1.158279802E2
1.010997158E1,2.550707463E-1,-4.908001444E-1,4.556361673E-1,-6.974595783E-1,1.504444455E2,-8.336723041E1,-2.688412554E1,-1.157939900E2
1.011999358E1,2.557446112E-1,-4.911700699E-1,4.547352758E-1,-6.975403106E-1,1.503645773E2,-8.330644052E1,-2.691252539E1,-1.157000080E2
1.013001658E1,2.568307144E-1,-4.918607804E-1,4.536566458E-1,-6.973569086E-1,1.502358186E2,-8.326616832E1,-2.693498154E1,-1.155293569E2
1.014003958E1,2.582917981E-1,-4.925863555E-1,4.526106703E-1,-6.969847308E-1,1.500625448E2,-8.323647002E1,-2.692598339E1,-1.153184279E2
1.015006158E1,2.598863609E-1,-4.930470272E-1,4.518957689E-1,-6.965299031E-1,1.498733614E2,-8.321494989E1,-2.686956318E1,-1.151230890E2
1.016008458E1,2.616043718E-1,-4.933267242E-1,4.515391117E-1,-6.959197643E-1,1.496694376E2,-8.321505453E1,-2.676822251E1,-1.149331120E2
1.017010658E1,2.634963860E-1,-4.937007761E-1,4.513447739E-1,-6.950663327E-1,1.494447461E2,-8.324746628E1,-2.664454651E1,-1.147117499E2
1.018012958E1,2.655010587E-1,-4.941690777E-1,4.509986139E-1,-6.941947359E-1,1.492065442E2,-8.327381170E1,-2.652689974E1,-1.144701553E2
1.019015158E1,2.675072065E-1,-4.944505054E-1,4.503343243E-1,-6.936552984E-1,1.489680304E2,-8.323851403E1,-2.642468692E1,-1.142577412E2
1.020017458E1,2.694529579E-1,-4.943859575E-1,4.494534341E-1,-6.935195012E-1,1.487365655E2,-8.313387932E1,-2.632865506E1,-1.140988200E2
1.021019758E1,2.712862826E-1,-4.939580695E-1,4.486454922E-1,-6.936327709E-1,1.485183550E2,-8.299251321E1,-2.622059047E1,-1.139954618E2
1.022021958E1,2.731280788E-1,-4.935921084E-1,4.480546355E-1,-6.935524601E-1,1.482990182E2,-8.288530709E1,-2.609823070E1,-1.138792106E2
1.023024258E1,2.752685908E-1,-4.939578693E-1,4.474386066E-1,-6.928430865E-1,1.480439579E2,-8.286773076E1,-2.598520218E1,-1.136409784E2
1.024026458E1,2.779518278E-1,-4.955015161E-1,4.462561583E-1,-6.914307456E-1,1.477239973E2,-8.293205328E1,-2.592119566E1,-1.132091656E2
1.025028758E1,2.809346446E-1,-4.980444646E-1,4.443321784E-1,-6.896349527E-1,1.473680097E2,-8.303587209E1,-2.593053519E1,-1.126309580E2
1.026030958E1,2.837673343E-1,-5.008525326E-1,4.420155426E-1,-6.879280896E-1,1.470296394E2,-8.312875404E1,-2.599176161E1,-1.120362926E2
1.027033258E1,2.860313787E-1,-5.030844401E-1,4.399455634E-1,-6.866876235E-1,1.467589822E2,-8.317830389E1,-2.605586228E1,-1.115638810E2
1.028035458E1,2.876142878E-1,-5.044330944E-1,4.384730816E-1,-6.859785871E-1,1.465696386E2,-8.318449324E1,-2.609356811E1,-1.112604931E2
1.029037758E1,2.887197365E-1,-5.051613972E-1,4.375914485E-1,-6.855410817E-1,1.464373519E2,-8.317936653E1,-2.609974710E1,-1.110738755E2
1.030040058E1,2.897451061E-1,-5.057640682E-1,4.371283679E-1,-6.849592656E-1,1.463146070E2,-8.320706229E1,-2.607478753E1,-1.109048657E2
1.031042258E1,2.910109656E-1,-5.063282802E-1,4.368036344E-1,-6.842125709E-1,1.461630185E2,-8.324729069E1,-2.601733464E1,-1.107159728E2
1.032044558E1,2.923334705E-1,-5.067503097E-1,4.363631445E-1,-6.836172678E-1,1.460045815E2,-8.325619824E1,-2.595846142E1,-1.105418563E2
1.033046758E1,2.933327512E-1,-5.070660291E-1,4.357676543E-1,-6.833349892E-1,1.458848225E2,-8.323201397E1,-2.593441728E1,-1.104143449E2
1.034049058E1,2.936468927E-1,-5.070079903E-1,4.353170650E-1,-6.835301502E-1,1.458471663E2,-8.317368584E1,-2.594138880E1,-1.103985175E2
1.035051258E1,2.933502000E-1,-5.062154478E-1,4.351371954E-1,-6.843589048E-1,1.458827310E2,-8.305006279E1,-2.594899947E1,-1.105328057E2
1.036053558E1,2.926596449E-1,-5.047185787E-1,4.353315582E-1,-6.856353010E-1,1.459654953E2,-8.287853524E1,-2.593159625E1,-1.107908066E2
1.037055858E1,2.918830893E-1,-5.031274219E-1,4.357512855E-1,-6.868682228E-1,1.460585450E2,-8.272155026E1,-2.589909716E1,-1.110654476E2
1.038058058E1,2.912374206E-1,-5.022438027E-1,4.360612018E-1,-6.875919474E-1,1.461358938E2,-8.264257524E1,-2.589242846E1,-1.112369602E2
1.039060358E1,2.909127845E-1,-5.027475182E-1,4.360065189E-1,-6.873959013E-1,1.461747780E2,-8.269825020E1,-2.594406088E1,-1.112033437E2
1.040062558E1,2.910342096E-1,-5.052025615E-1,4.354112474E-1,-6.859202137E-1,1.461602344E2,-8.294127672E1,-2.607952088E1,-1.108810412E2
1.041064858E1,2.915796109E-1,-5.094842388E-1,4.342281221E-1,-6.832665428E-1,1.460949026E2,-8.335496226E1,-2.629563776E1,-1.102849830E2
1.042067058E1,2.923792209E-1,-5.150383610E-1,4.325167810E-1,-6.798375595E-1,1.459990994E2,-8.388117868E1,-2.657487886E1,-1.094972426E2
1.043069358E1,2.929578971E-1,-5.214012550E-1,4.308068991E-1,-6.758119454E-1,1.459297515E2,-8.452505387E1,-2.689274779E1,-1.086113451E2
1.044071658E1,2.925377563E-1,-5.279878064E-1,4.298360781E-1,-6.714844966E-1,1.459801019E2,-8.529465238E1,-2.723136139E1,-1.077652920E2
1.045073858E1,2.904208676E-1,-5.344627424E-1,4.299370619E-1,-6.672026508E-1,1.462336911E2,-8.618178567E1,-2.761089412E1,-1.070632591E2
1.046076158E1,2.860609868E-1,-5.406739709E-1,4.311473877E-1,-6.632892737E-1,1.467554414E2,-8.716982336E1,-2.807179611E1,-1.065730261E2
1.047078358E1,2.788553719E-1,-5.464350184E-1,4.334320050E-1,-6.601402509E-1,1.476161968E2,-8.823067860E1,-2.866697364E1,-1.063703285E2
1.048080658E1,2.685338827E-1,-5.520093184E-1,4.365552130E-1,-6.577193991E-1,1.488459141E2,-8.938079186E1,-2.945071705E1,-1.064338539E2
1.049082858E1,2.553931065E-1,-5.579416717E-1,4.400140204E-1,-6.556395154E-1,1.504062404E2,-9.065288011E1,-3.045517513E1,-1.066471831E2
1.050085158E1,2.402341705E-1,-5.649921072E-1,4.431575589E-1,-6.532096442E-1,1.521992766E2,-9.210176771E1,-3.168126439E1,-1.068127871E2
1.051087458E1,2.238485084E-1,-5.737625924E-1,4.454807143E-1,-6.497964027E-1,1.541296489E2,-9.378623828E1,-3.310789241E1,-1.067479353E2
1.052089658E1,2.061625107E-1,-5.841936318E-1,4.469644203E-1,-6.453199017E-1,1.562048804E2,-9.573445687E1,-3.472853744E1,-1.064279523E2
1.053091958E1,1.866407016E-1,-5.957882984E-1,4.476839671E-1,-6.401410444E-1,1.584863921E2,-9.792659459E1,-3.656005210E1,-1.059259555E2
1.054094158E1,1.651766814E-1,-6.080168324E-1,4.474157815E-1,-6.347056815E-1,1.609850032E2,-1.003009609E2,-3.861015982E1,-1.052902225E2
1.055096458E1,1.422693213E-1,-6.210400822E-1,4.458873260E-1,-6.286915369E-1,1.636416331E2,-1.029099189E2,-4.084486125E1,-1.044005808E2
1.056098658E1,1.187546462E-1,-6.352665191E-1,4.431938684E-1,-6.212189218E-1,1.663595297E2,-1.059101797E2,-4.315830960E1,-1.030462146E2
1.057100958E1,9.577618443E-2,-6.507431369E-1,4.397655173E-1,-6.115280969E-1,1.690080088E2,-1.094318718E2,-4.536991808E1,-1.010558543E2
1.058103158E1,7.462008913E-2,-6.674865203E-1,4.358500330E-1,-5.991061773E-1,1.714412123E2,-1.135477164E2,-4.728561071E1,-9.828837105E1
1.059105458E1,5.576900498E-2,-6.853919240E-1,4.316467383E-1,-5.837884320E-1,1.736060254E2,-1.182719623E2,-4.877285307E1,-9.472219437E1
1.060107758E1,3.861903085E-2,-7.040115272E-1,4.273276452E-1,-5.659217508E-1,1.755734843E2,-1.235265313E2,-4.980256407E1,-9.051068660E1
1.061109958E1,2.219080043E-2,-7.227330519E-1,4.230024723E-1,-5.461075268E-1,1.774569128E2,-1.291708666E2,-5.040837361E1,-8.589055233E1
1.062112258E1,5.551983281E-3,-7.410609356E-1,4.184614128E-1,-5.250599807E-1,1.793637863E2,-1.350574814E2,-5.067432445E1,-8.106706590E1
1.063114458E1,1.206590516E-2,7.584417059E-1,-4.137854729E-1,5.033906000E-1,1.786173156E2,-1.410602384E2,-5.067558514E1,-7.623743965E1
1.064116758E1,3.085010226E-2,7.747884032E-1,-4.086452011E-1,4.814149593E-1,1.764642777E2,-1.471137130E2,-5.046203573E1,-7.145209467E1
1.065118958E1,5.089383686E-2,7.901694952E-1,-4.029025033E-1,4.590332968E-1,1.741654753E2,-1.532144597E2,-5.003515777E1,-6.671454463E1
1.066121258E1,7.215146392E-2,8.045715370E-1,-3.965499196E-1,4.361272222E-1,1.717248608E2,-1.593327160E2,-4.937738763E1,-6.205761505E1
1.067123558E1,9.454272530E-2,8.176840748E-1,-3.895608130E-1,4.131546294E-1,1.691499971E2,-1.653675178E2,-4.853152610E1,-5.757308925E1
1.068125758E1,1.179738864E-1,8.290144542E-1,-3.819049645E-1,3.911084137E-1,1.664496316E2,-1.712008315E2,-4.761048143E1,-5.335655178E1
1.069128058E1,1.420894491E-1,8.381746292E-1,-3.736886260E-1,3.709859699E-1,1.636624565E2,-1.767321276E2,-4.672705152E1,-4.947006040E1
1.070130258E1,1.660870955E-1,8.451417983E-1,-3.650607868E-1,3.533849929E-1,1.608792163E2,1.781277904E2,-4.593774802E1,-4.593049578E1
1.071132558E1,1.892043995E-1,8.504357586E-1,-3.562688067E-1,3.376882737E-1,1.581872850E2,1.733866769E2,-4.516820591E1,-4.270682797E1
1.072134758E1,2.110048727E-1,8.547216927E-1,-3.477951617E-1,3.224381794E-1,1.556375063E2,1.690186518E2,-4.426378366E1,-3.980621695E1
1.073137058E1,2.320384709E-1,8.583171771E-1,-3.399683023E-1,3.063843157E-1,1.531657704E2,1.649079792E2,-4.313512680E1,-3.722102287E1
1.074139358E1,2.530927117E-1,8.611478437E-1,-3.327317727E-1,2.892368348E-1,1.506788026E2,1.609403857E2,-4.180329393E1,-3.491461759E1
1.075141558E1,2.741584756E-1,8.631155958E-1,-3.257325298E-1,2.716005178E-1,1.481762578E2,1.571189111E2,-4.034961405E1,-3.284709038E1
1.076143858E1,2.949259969E-1,8.641697517E-1,-3.183433654E-1,2.547291777E-1,1.456938002E2,1.534732954E2,-3.890522084E1,-3.092765872E1
1.077146058E1,3.149768122E-1,8.644634942E-1,-3.098982539E-1,2.396987686E-1,1.432811721E2,1.500275788E2,-3.756370835E1,-2.904095181E1
1.078148358E1,3.338956948E-1,8.644827553E-1,-3.002236555E-1,2.259400089E-1,1.409892006E2,1.468019214E2,-3.623718457E1,-2.716094879E1
1.079150558E1,3.521301126E-1,8.643157905E-1,-2.898036691E-1,2.120763036E-1,1.387646844E2,1.437307122E2,-3.479898307E1,-2.535233559E1
1.080152858E1,3.705888307E-1,8.636307146E-1,-2.790763057E-1,1.972875223E-1,1.364961269E2,1.406984953E2,-3.320335715E1,-2.366186423E1
1.081155158E1,3.892847407E-1,8.622704672E-1,-2.682154000E-1,1.816795012E-1,1.341799976E2,1.377097183E2,-3.147577802E1,-2.211677481E1
1.082157358E1,4.074437209E-1,8.603636173E-1,-2.572798523E-1,1.660459602E-1,1.319112916E2,1.348683853E2,-2.969441049E1,-2.072420059E1
1.083159658E1,4.242151215E-1,8.581844988E-1,-2.464109808E-1,1.511377874E-1,1.297980135E2,1.322829439E2,-2.793507474E1,-1.948561743E1
1.084161858E1,4.392002227E-1,8.559417175E-1,-2.360730965E-1,1.368814473E-1,1.278942733E2,1.300038030E2,-2.621187425E1,-1.844732391E1
1.085164158E1,4.525649989E-1,8.536256428E-1,-2.267818448E-1,1.227935577E-1,1.261832578E2,1.280036089E2,-2.451342910E1,-1.766039062E1
1.086166358E1,4.648338833E-1,8.510353607E-1,-2.185419041E-1,1.091219840E-1,1.246010564E2,1.261947286E2,-2.288636366E1,-1.707616768E1
1.087168658E1,4.765785873E-1,8.479734343E-1,-2.110725132E-1,9.624053733E-2,1.230756369E2,1.244821213E2,-2.137091573E1,-1.661224467E1
1.088170983E1,4.882373961E-1,8.443393855E-1,-2.039726026E-1,8.432290479E-2,1.215504071E2,1.227927112E2,-1.997245855E1,-1.619322611E1
1.089173183E1,5.000487553E-1,8.400978531E-1,-1.968453598E-1,7.374800762E-2,1.199935486E2,1.210850060E2,-1.870983878E1,-1.574291623E1
1.090175483E1,5.120538847E-1,8.352917005E-1,-1.893599741E-1,6.504980424E-2,1.183985299E2,1.193482049E2,-1.761360047E1,-1.518917154E1
1.091177683E1,5.240753671E-1,8.300381380E-1,-1.815711943E-1,5.842623734E-2,1.167879635E2,1.176067405E2,-1.669673819E1,-1.452217185E1
1.092179983E1,5.356247416E-1,8.246395481E-1,-1.737282559E-1,5.379804975E-2,1.152274205E2,1.159293193E2,-1.595213996E1,-1.377222510E1
1.093182183E1,5.460431475E-1,8.195501897E-1,-1.660447590E-1,5.102453424E-2,1.138080449E2,1.144083522E2,-1.536514281E1,-1.297135525E1
1.094184483E1,5.551678348E-1,8.149114233E-1,-1.590286574E-1,4.917321285E-2,1.125554488E2,1.130711978E2,-1.487545701E1,-1.222106420E1
1.095186783E1,5.632970136E-1,8.105786851E-1,-1.531298266E-1,4.701147991E-2,1.114317674E2,1.118813206E2,-1.440226373E1,-1.163176483E1
1.096188983E1,5.708160957E-1,8.063736308E-1,-1.482835080E-1,4.407468751E-2,1.103856916E2,1.107846477E2,-1.390817590E1,-1.121726475E1
1.097191283E1,5.779765924E-1,8.021572180E-1,-1.442754692E-1,4.088408678E-2,1.093832952E2,1.097422293E2,-1.343644463E1,-1.091701099E1
1.098193483E1,5.846550134E-1,7.980438331E-1,-1.407972794E-1,3.847834467E-2,1.084427559E2,1.087671766E2,-1.306465796E1,-1.063242327E1
1.099195783E1,5.905454991E-1,7.942750619E-1,-1.378353675E-1,3.720938735E-2,1.076085439E2,1.079030409E2,-1.282095270E1,-1.033979915E1
1.100197983E1,5.955773060E-1,7.909487272E-1,-1.354825829E-1,3.650201572E-2,1.068924042E2,1.071624606E2,-1.265753656E1,-1.008420474E1
1.101200283E1,5.996388924E-1,7.881703859E-1,-1.339450869E-1,3.576661644E-2,1.063119208E2,1.065649686E2,-1.253393082E1,-9.924868399E0
1.102202583E1,6.027597401E-1,7.859477086E-1,-1.332311404E-1,3.487605353E-2,1.058643876E2,1.061076847E2,-1.244100467E1,-9.869609865E0
1.103204783E1,6.054483929E-1,7.840084900E-1,-1.326331188E-1,3.422570658E-2,1.054777704E2,1.057125639E2,-1.237279170E1,-9.816128990E0
1.104207083E1,6.083660717E-1,7.819754524E-1,-1.312752737E-1,3.423141748E-2,1.050570943E2,1.052778126E2,-1.231364721E1,-9.643149096E0
1.105209283E1,6.115502872E-1,7.798786046E-1,-1.287520684E-1,3.490819050E-2,1.045966331E2,1.047958705E2,-1.223518785E1,-9.311442148E0
1.106211583E1,6.145323664E-1,7.780514755E-1,-1.252493070E-1,3.603479683E-2,1.041641019E2,1.043370388E2,-1.212313516E1,-8.861541127E0
1.107213783E1,6.167095883E-1,7.768711530E-1,-1.214679339E-1,3.722826914E-2,1.038475054E2,1.039950786E2,-1.198549263E1,-8.394870118E0
1.108216083E1,6.174639115E-1,7.767159261E-1,-1.183717000E-1,3.793087818E-2,1.037376571E2,1.038685307E2,-1.183556025E1,-8.048841478E0
1.109218383E1,6.166362317E-1,7.776819740E-1,-1.163373137E-1,3.789741358E-2,1.038581835E2,1.039839247E2,-1.167850260E1,-7.876949180E0
1.110220583E1,6.143421787E-1,7.797339777E-1,-1.149234134E-1,3.729922336E-2,1.041917253E2,1.043207985E2,-1.150021105E1,-7.823575385E0
1.111222883E1,6.108915530E-1,7.826327325E-1,-1.140121353E-1,3.603875864E-2,1.046920080E2,1.048313972E2,-1.128610494E1,-7.878827579E0
1.112225083E1,6.067055491E-1,7.859414709E-1,-1.142556177E-1,3.391335629E-2,1.052966559E2,1.054544145E2,-1.106642262E1,-8.109694407E0
1.113227383E1,6.022125265E-1,7.891466966E-1,-1.167492360E-1,3.093728302E-2,1.059429539E2,1.061287229E2,-1.092032761E1,-8.610352566E0
1.114229583E1,5.977552444E-1,7.918080593E-1,-1.224602604E-1,2.705715985E-2,1.065814051E2,1.068063642E2,-1.090905799E1,-9.471480891E0
1.115231883E1,5.933568835E-1,7.937781505E-1,-1.317717847E-1,2.191056603E-2,1.072088270E2,1.074837589E2,-1.102046767E1,-1.075648926E1
1.116234183E1,5.887360084E-1,7.952385599E-1,-1.440278986E-1,1.554245118E-2,1.078652745E2,1.081947636E2,-1.120434455E1,-1.240775746E1
1.117236383E1,5.838474587E-1,7.963687276E-1,-1.576052108E-1,8.917071960E-3,1.085567802E2,1.089368398E2,-1.143390343E1,-1.421038827E1
1.118238683E1,5.787754016E-1,7.973463027E-1,-1.710220489E-1,3.042665288E-3,1.092710861E2,1.096956633E2,-1.170184490E1,-1.595721139E1
1.119240883E1,5.733367301E-1,7.985311771E-1,-1.833824130E-1,-1.932770179E-3,1.100335292E2,1.104971513E2,-1.195790490E1,-1.755582287E1
1.120243183E1,5.671719738E-1,8.003818452E-1,-1.940721182E-1,-6.395173132E-3,1.108934932E2,1.113875609E2,-1.211692405E1,-1.897539740E1
1.121245483E1,5.603226052E-1,8.032560074E-1,-2.018128084E-1,-9.487234526E-3,1.118437781E2,1.123619405E2,-1.217622519E1,-2.003247868E1
1.122247683E1,5.538115493E-1,8.069684915E-1,-2.049482600E-1,-9.539707353E-3,1.127422076E2,1.132882324E2,-1.221665693E1,-2.044138239E1
1.123249983E1,5.481655364E-1,8.112436992E-1,-2.033610939E-1,-6.523362772E-3,1.135174962E2,1.140953539E2,-1.226110139E1,-2.018004871E1
1.124252183E1,5.433707212E-1,8.156887166E-1,-1.984817954E-1,-2.279111907E-3,1.141732108E2,1.147720122E2,-1.223842823E1,-1.950340724E1
1.125254483E1,5.397261146E-1,8.197149207E-1,-1.917297017E-1,1.666633904E-3,1.146700075E2,1.152695026E2,-1.210450153E1,-1.864084437E1
1.126256683E1,5.366782021E-1,8.233858269E-1,-1.843555205E-1,5.026601741E-3,1.150844106E2,1.156713308E2,-1.189722797E1,-1.774266030E1
1.127258983E1,5.333042204E-1,8.271570426E-1,-1.769764503E-1,8.789303788E-3,1.155420385E2,1.161174367E2,-1.173028424E1,-1.682471997E1
1.128261283E1,5.297472160E-1,8.309769801E-1,-1.692513544E-1,1.411196607E-2,1.160232463E2,1.165921735E2,-1.169923995E1,-1.578252720E1
1.129263483E1,5.261991258E-1,8.347227180E-1,-1.609841026E-1,2.089175026E-2,1.165019941E2,1.170617992E2,-1.178835067E1,-1.460089428E1
1.130265783E1,5.226466943E-1,8.384047721E-1,-1.521240553E-1,2.785870862E-2,1.169800909E2,1.175169754E2,-1.187211983E1,-1.335016527E1
1.131267983E1,5.193741601E-1,8.418537962E-1,-1.428526969E-1,3.355312717E-2,1.174194385E2,1.179162878E2,-1.182257127E1,-1.212975844E1
1.132270283E1,5.166196739E-1,8.448295745E-1,-1.342905225E-1,3.651189916E-2,1.177884444E2,1.182386145E2,-1.156309469E1,-1.113367639E1
1.133272583E1,5.135125029E-1,8.476513903E-1,-1.286132577E-1,3.536641104E-2,1.182038393E2,1.186217426E2,-1.107219927E1,-1.067062719E1
1.134274783E1,5.097735717E-1,8.503387155E-1,-1.271900008E-1,2.962672677E-2,1.187025027E2,1.191080015E2,-1.037335411E1,-1.090584768E1
1.135277083E1,5.059492720E-1,8.525330911E-1,-1.296771285E-1,1.965918675E-2,1.192112251E2,1.196043124E2,-9.482149001E0,-1.177109924E1
1.136279283E1,5.025660180E-1,8.539167722E-1,-1.349537453E-1,6.396922226E-3,1.196601758E2,1.200115549E2,-8.428275149E0,-1.309079925E1
1.137281583E1,5.000273026E-1,8.542941550E-1,-1.416907505E-1,-8.825802959E-3,1.199963873E2,1.202546968E2,-7.274250429E0,-1.465234551E1
1.138283783E1,4.985463888E-1,8.536469480E-1,-1.487384622E-1,-2.480451617E-2,1.201922473E2,1.202989996E2,-6.082331991E0,-1.627514367E1
1.139286083E1,4.977434281E-1,8.522854573E-1,-1.555879783E-1,-4.066245758E-2,1.202983633E2,1.202014235E2,-4.909018245E0,-1.786739989E1
1.140288383E1,4.971940018E-1,8.506685988E-1,-1.617749039E-1,-5.468071013E-2,1.203709407E2,1.200509488E2,-3.889743681E0,-1.929114512E1
1.141290583E1,4.967745985E-1,8.494667393E-1,-1.659530053E-1,-6.388187292E-2,1.204263248E2,1.199379132E2,-3.230409908E0,-2.024056967E1
1.142292883E1,4.970013275E-1,8.488819729E-1,-1.670009656E-1,-6.708008115E-2,1.203963861E2,1.198450489E2,-2.987223004E0,-2.052906624E1
1.143295083E1,4.982793885E-1,8.484354691E-1,-1.657212187E-1,-6.641812275E-2,1.202275392E2,1.196891548E2,-3.006425752E0,-2.035744932E1
1.144297383E1,5.002911840E-1,8.477170550E-1,-1.639838202E-1,-6.475964426E-2,1.199614671E2,1.194559899E2,-3.111751227E0,-2.007972361E1
1.145299683E1,5.025086772E-1,8.467631876E-1,-1.626341095E-1,-6.346213246E-2,1.196677760E2,1.191882077E2,-3.208826028E0,-1.986093391E1
1.146301883E1,5.049193716E-1,8.456415335E-1,-1.613183271E-1,-6.263603315E-2,1.193479996E2,1.188848520E2,-3.265922268E0,-1.967193021E1
1.147304183E1,5.074338737E-1,8.444133954E-1,-1.599562885E-1,-6.237664037E-2,1.190138960E2,1.185559650E2,-3.267121832E0,-1.951084868E1
1.148306383E1,5.097653952E-1,8.430815128E-1,-1.592003004E-1,-6.330998233E-2,1.187035918E2,1.182287456E2,-3.184916497E0,-1.948130390E1
1.149308683E1,5.119945841E-1,8.415457027E-1,-1.592209313E-1,-6.565882620E-2,1.184064409E2,1.178881327E2,-3.011173534E0,-1.961394107E1
1.150310983E1,5.141866207E-1,8.399788304E-1,-1.592515510E-1,-6.845946321E-2,1.181137939E2,1.175421468E2,-2.794909747E0,-1.977578270E1
1.151313183E1,5.162585808E-1,8.386510993E-1,-1.585177111E-1,-7.080744307E-2,1.178367651E2,1.172187128E2,-2.573834375E0,-1.983632301E1
1.152315483E1,5.185138376E-1,8.374654874E-1,-1.567298629E-1,-7.232306481E-2,1.175347693E2,1.168857623E2,-2.372555023E0,-1.974303453E1
1.153317683E1,5.211639050E-1,8.363018340E-1,-1.540451719E-1,-7.250910100E-2,1.171792873E2,1.165261421E2,-2.251534566E0,-1.948087741E1
1.154319983E1,5.240406803E-1,8.352095352E-1,-1.508990150E-1,-7.096302816E-2,1.167926305E2,1.161700823E2,-2.270449513E0,-1.906836387E1
1.155322183E1,5.273785421E-1,8.339514518E-1,-1.476119823E-1,-6.787998619E-2,1.163429920E2,1.157802738E2,-2.434517287E0,-1.854724065E1
1.156324483E1,5.312187311E-1,8.323321909E-1,-1.445197312E-1,-6.437258868E-2,1.158243268E2,1.153271423E2,-2.658585468E0,-1.801714740E1
1.157326783E1,5.353671822E-1,8.303511837E-1,-1.417829888E-1,-6.161666947E-2,1.152623675E2,1.148147079E2,-2.836438337E0,-1.756599854E1
1.158328983E1,5.396972862E-1,8.281055996E-1,-1.391129860E-1,-6.012882250E-2,1.146739316E2,1.142518460E2,-2.898785650E0,-1.719841096E1
1.159331283E1,5.439815555E-1,8.258193016E-1,-1.362271913E-1,-5.957100896E-2,1.140898117E2,1.136763261E2,-2.855679717E0,-1.686810296E1
1.160333483E1,5.479443286E-1,8.237887508E-1,-1.329259129E-1,-5.882193302E-2,1.135478014E2,1.131451481E2,-2.794753303E0,-1.648746599E1
1.161335783E1,5.517306540E-1,8.219599569E-1,-1.292740992E-1,-5.712541700E-2,1.130283515E2,1.126510432E2,-2.793666213E0,-1.601445302E1
1.162338083E1,5.553708351E-1,8.203011412E-1,-1.253480360E-1,-5.438085637E-2,1.125274784E2,1.121903438E2,-2.866668365E0,-1.544912936E1
1.163340283E1,5.586488484E-1,8.189358994E-1,-1.211187894E-1,-5.084932979E-2,1.120751840E2,1.117868355E2,-2.983080702E0,-1.480541647E1
1.164342583E1,5.616969928E-1,8.177255262E-1,-1.166128698E-1,-4.714803570E-2,1.116535249E2,1.114123677E2,-3.089389335E0,-1.412481974E1
1.165344783E1,5.646495271E-1,8.165260480E-1,-1.120321607E-1,-4.364700236E-2,1.112440852E2,1.110437182E2,-3.166629833E0,-1.345019474E1
1.166347083E1,5.674552638E-1,8.153461259E-1,-1.075758690E-1,-4.040690016E-2,1.108540730E2,1.106881900E2,-3.221592135E0,-1.280488316E1
1.167349383E1,5.700304574E-1,8.142237553E-1,-1.034420218E-1,-3.747994905E-2,1.104953007E2,1.103579863E2,-3.261666417E0,-1.221155855E1
1.168351583E1,5.722646618E-1,8.132516383E-1,-9.959759704E-2,-3.486187111E-2,1.101834021E2,1.100694773E2,-3.284240332E0,-1.166729947E1
1.169353883E1,5.743771672E-1,8.122654442E-1,-9.611024035E-2,-3.284305814E-2,1.098879470E2,1.097901450E2,-3.270643002E0,-1.119676364E1
1.170356083E1,5.764066433E-1,8.112937907E-1,-9.268564032E-2,-3.109841042E-2,1.096036002E2,1.095183118E2,-3.232586055E0,-1.075081664E1
1.171358383E1,5.782762986E-1,8.104847398E-1,-8.876927087E-2,-2.882684280E-2,1.093412045E2,1.092716769E2,-3.206736673E0,-1.022475694E1
1.172360583E1,5.800653270E-1,8.097854814E-1,-8.435704374E-2,-2.560591742E-2,1.090897250E2,1.090417143E2,-3.232887274E0,-9.589819663E0
1.173362883E1,5.817924627E-1,8.091281170E-1,-7.981483572E-2,-2.142103039E-2,1.088465722E2,1.088241378E2,-3.336879921E0,-8.878968770E0
1.174365183E1,5.831032718E-1,8.087078708E-1,-7.558392434E-2,-1.640715700E-2,1.086617848E2,1.086659909E2,-3.532188261E0,-8.143559108E0
1.175367383E1,5.838369852E-1,8.086293091E-1,-7.173094374E-2,-1.037925150E-2,1.085582585E2,1.085884986E2,-3.840111456E0,-7.378032975E0
1.176369683E1,5.840306500E-1,8.088542047E-1,-6.821378923E-2,-3.151825625E-3,1.085309213E2,1.085833577E2,-4.277041798E0,-6.566135456E0
1.177371883E1,5.834861759E-1,8.095135078E-1,-6.487462086E-2,4.807880670E-3,1.086077658E2,1.086725691E2,-4.789255784E0,-5.726009630E0
1.178374183E1,5.824119160E-1,8.104264507E-1,-6.203227955E-2,1.254071048E-2,1.087592732E2,1.088241064E2,-5.312241394E0,-4.951254581E0
1.179376483E1,5.814433814E-1,8.111606067E-1,-5.968845115E-2,1.947879824E-2,1.088957469E2,1.089503974E2,-5.797436081E0,-4.276147033E0
1.180378683E1,5.801471340E-1,8.120456905E-1,-5.803966644E-2,2.534852661E-2,1.090782161E2,1.091175578E2,-6.229512328E0,-3.740356182E0
1.181380983E1,5.781896025E-1,8.132716580E-1,-5.910497018E-2,2.815291469E-2,1.093533812E2,1.093888731E2,-6.554006396E0,-3.669415130E0
1.182383183E1,5.755986672E-1,8.148376242E-1,-6.265891889E-2,2.828099897E-2,1.097168640E2,1.097638522E2,-6.789478566E0,-4.016738902E0
1.183385483E1,5.720966012E-1,8.169979452E-1,-6.608465688E-2,2.920152828E-2,1.102068842E2,1.102642079E2,-7.084255879E0,-4.309468859E0
1.184387783E1,5.673925493E-1,8.199581712E-1,-6.789916301E-2,3.352537347E-2,1.108628006E2,1.109166072E2,-7.586900526E0,-4.241023417E0
1.185389983E1,5.619171679E-1,8.232893738E-1,-6.865291725E-2,4.159915021E-2,1.116230267E2,1.116522269E2,-8.374966360E0,-3.842064556E0
1.186392283E1,5.556742292E-1,8.267728109E-1,-6.949357829E-2,5.332429810E-2,1.124856668E2,1.124593268E2,-9.520805578E0,-3.234698986E0
1.187394483E1,5.484199558E-1,8.303670520E-1,-7.101866200E-2,6.842842206E-2,1.134826346E2,1.133562052E2,-1.104252555E1,-2.504458528E0
1.188396746E1,5.400772611E-1,8.339887307E-1,-7.295581545E-2,8.635248628E-2,1.146222030E2,1.143356316E2,-1.287575112E1,-1.670266703E0
1.189399046E1,5.305784151E-1,8.377021209E-1,-7.568811135E-2,1.049432926E-1,1.159109113E2,1.154210789E2,-1.484111007E1,-9.156247083E-1
1.190401246E1,5.202494027E-1,8.414251206E-1,-7.983207379E-2,1.223566424E-1,1.173020352E2,1.166055126E2,-1.679648596E1,-4.209515621E-1
1.191403546E1,5.090421763E-1,8.451324839E-1,-8.475233903E-2,1.394430590E-1,1.187998987E2,1.178899232E2,-1.878275450E1,-7.801537610E-2
1.192405746E1,4.963755521E-1,8.488805188E-1,-9.045657780E-2,1.575779839E-1,1.204790065E2,1.193343768E2,-2.093635103E1,1.755763650E-1
1.193408046E1,4.820753266E-1,8.526502594E-1,-9.884266269E-2,1.755593152E-1,1.223579344E2,1.210246068E2,-2.324605596E1,4.422340891E-2
1.194410246E1,4.670883815E-1,8.558744511E-1,-1.103883282E-1,1.926701244E-1,1.243090751E2,1.228833194E2,-2.565333713E1,-5.700972676E-1
1.195412546E1,4.513894812E-1,8.587531652E-1,-1.237754317E-1,2.084950859E-1,1.263342668E2,1.249387892E2,-2.802348827E1,-1.581309210E0
1.196414846E1,4.344546140E-1,8.619544712E-1,-1.390040153E-1,2.212725457E-1,1.284988096E2,1.273465280E2,-3.014801612E1,-3.139873274E0
1.197417046E1,4.166008824E-1,8.650183364E-1,-1.551140160E-1,2.326509620E-1,1.307596556E2,1.300221677E2,-3.212282240E1,-5.047176880E0
1.198419346E1,3.984068886E-1,8.665227892E-1,-1.704591145E-1,2.476970919E-1,1.330427538E2,1.327318247E2,-3.440885526E1,-6.825080013E0
1.199421546E1,3.805867744E-1,8.645929271E-1,-1.843156918E-1,2.714046995E-1,1.352599329E2,1.352519383E2,-3.756097601E1,-8.131897612E0
1.200423846E1,3.642262107E-1,8.573951305E-1,-1.972699050E-1,3.054463718E-1,1.372800597E2,1.373959190E2,-4.187272845E1,-8.944510410E0
1.201426146E1,3.483558535E-1,8.453103436E-1,-2.110853258E-1,3.457481613E-1,1.392264306E2,1.394759061E2,-4.702024308E1,-9.794865773E0
1.202428346E1,3.312070604E-1,8.302439200E-1,-2.265287108E-1,3.868869827E-1,1.413158890E2,1.420964558E2,-5.241759229E1,-1.133457292E1
1.203430646E1,3.143528807E-1,8.135143817E-1,-2.408734961E-1,4.258598285E-1,1.433564956E2,1.451351286E2,-5.759965990E1,-1.339886531E1
1.204432846E1,2.988592040E-1,7.979453780E-1,-2.524243035E-1,4.585285146E-1,1.452218057E2,1.485201746E2,-6.196249211E1,-1.589952700E1
1.205435146E1,2.839597768E-1,7.865787102E-1,-2.628128273E-1,4.812382586E-1,1.470066410E2,1.527090669E2,-6.500166679E1,-1.936733029E1
1.206437446E1,2.708738968E-1,7.788737394E-1,-2.741268327E-1,4.948105132E-1,1.485674492E2,1.574903385E2,-6.682358707E1,-2.382183615E1
1.207439646E1,2.610994947E-1,7.706626482E-1,-2.853340591E-1,5.064490704E-1,1.497293755E2,1.620762327E2,-6.837315745E1,-2.840517102E1
1.208441946E1,2.543936256E-1,7.592002859E-1,-2.949737387E-1,5.214300518E-1,1.505246848E2,1.664668586E2,-7.035923848E1,-3.290378101E1
1.209444146E1,2.509202722E-1,7.456595783E-1,-3.033458098E-1,5.375984574E-1,1.509360484E2,1.707819946E2,-7.254677155E1,-3.750305096E1
1.210446446E1,2.505585258E-1,7.324559189E-1,-3.104836104E-1,5.516597841E-1,1.509788694E2,1.747368673E2,-7.451954946E1,-4.193877903E1
1.211448746E1,2.517942397E-1,7.214596797E-1,-3.159367804E-1,5.623874530E-1,1.508325770E2,1.781051939E2,-7.606792975E1,-4.581627123E1
1.212450946E1,2.571201579E-1,7.120316404E-1,-3.202311649E-1,5.695193004E-1,1.502014983E2,1.796339284E2,-7.734510172E1,-4.813800821E1
1.213453246E1,2.667951461E-1,7.038260494E-1,-3.239541857E-1,5.731519267E-1,1.490527040E2,1.787993963E2,-7.842340904E1,-4.845138881E1
1.214455446E1,2.789870808E-1,6.973958733E-1,-3.264774332E-1,5.737749098E-1,1.476004803E2,1.755461511E2,-7.925371226E1,-4.648349420E1
1.215457746E1,2.928231536E-1,6.941119384E-1,-3.271802109E-1,5.704527056E-1,1.459459001E2,1.694089861E2,-7.958619540E1,-4.164548019E1
1.216459946E1,3.090693518E-1,6.939595565E-1,-3.256516079E-1,5.628920456E-1,1.439936915E2,1.604164200E2,-7.927955787E1,-3.400477385E1
1.217462246E1,3.277808140E-1,6.953353982E-1,-3.206830845E-1,5.533813248E-1,1.417317297E2,1.496945563E2,-7.846386476E1,-2.458064127E1
1.218464546E1,3.476968331E-1,6.971511898E-1,-3.115994061E-1,5.440523411E-1,1.393069846E2,1.387570624E2,-7.722805711E1,-1.470930402E1
1.219466746E1,3.682317524E-1,6.990524763E-1,-2.993542714E-1,5.349000213E-1,1.367867877E2,1.288233182E2,-7.553716928E1,-5.651367350E0
1.220469046E1,3.894231878E-1,7.013360347E-1,-2.856205101E-1,5.243073381E-1,1.341627736E2,1.207697850E2,-7.331261845E1,1.541171026E0
1.221471246E1,4.101361880E-1,7.056579833E-1,-2.718355825E-1,5.098435354E-1,1.315732196E2,1.154719065E2,-7.048079361E1,5.937817488E0
1.222473546E1,4.304091119E-1,7.123377951E-1,-2.585465547E-1,4.903842143E-1,1.290129476E2,1.124433800E2,-6.710214990E1,7.945860262E0
1.223475846E1,4.513342767E-1,7.204603779E-1,-2.455848394E-1,4.657491996E-1,1.263413559E2,1.106345859E2,-6.322588198E1,8.495437385E0
1.224478046E1,4.727597141E-1,7.297016435E-1,-2.329907078E-1,4.356020620E-1,1.235728296E2,1.096102342E2,-5.887219565E1,7.988520453E0
1.225480346E1,4.942003796E-1,7.392379791E-1,-2.206763891E-1,4.007432728E-1,1.207659274E2,1.089680902E2,-5.415518205E1,6.848660123E0
1.226482546E1,5.152413771E-1,7.478040731E-1,-2.084544774E-1,3.631283643E-1,1.179728193E2,1.083454474E2,-4.927998411E1,5.491622659E0
1.227484846E1,5.355295424E-1,7.546589841E-1,-1.973493939E-1,3.236527620E-1,1.152403384E2,1.076790789E2,-4.441639777E1,3.916627261E0
1.228487146E1,5.538573102E-1,7.603394099E-1,-1.900921702E-1,2.810537199E-1,1.127359097E2,1.072612564E2,-3.963989295E1,1.656314952E0
1.229489346E1,5.684651972E-1,7.656699326E-1,-1.901220523E-1,2.333464799E-1,1.107134630E2,1.073864637E2,-3.499383600E1,-1.807742435E0
1.230491646E1,5.779245199E-1,7.707617355E-1,-2.012616751E-1,1.772665049E-1,1.093906071E2,1.081818258E2,-3.039035685E1,-7.015520768E0
1.231493846E1,5.834392454E-1,7.733592879E-1,-2.202432249E-1,1.140480655E-1,1.086143876E2,1.089852322E2,-2.568335811E1,-1.331649966E1
1.232496146E1,5.907414819E-1,7.704286700E-1,-2.332603422E-1,5.526033466E-2,1.075807126E2,1.085001460E2,-2.114573570E1,-1.838295322E1
1.233498446E1,6.043736061E-1,7.614087808E-1,-2.343808162E-1,7.406065294E-3,1.056324390E2,1.063714264E2,-1.713266849E1,-2.135375226E1
1.234500646E1,6.219884811E-1,7.458871502E-1,-2.353794015E-1,-3.713950788E-2,1.030770205E2,1.033017733E2,-1.373330143E1,-2.414373864E1
1.235502946E1,6.401169575E-1,7.255957185E-1,-2.400820626E-1,-7.824176782E-2,1.003989174E2,9.987558480E1,-1.117564857E1,-2.720935984E1
1.236505146E1,6.569371536E-1,7.054362276E-1,-2.422342281E-1,-1.100722690E-1,9.786660215E1,9.655526728E1,-9.379176689E0,-2.953618005E1
1.237507446E1,6.691221026E-1,6.895821637E-1,-2.429697117E-1,-1.331078398E-1,9.600131126E1,9.400358777E1,-8.139007954E0,-3.122820574E1
1.238509746E1,6.774657456E-1,6.772998134E-1,-2.448702817E-1,-1.494781815E-1,9.470815307E1,9.216110936E1,-7.429107305E0,-3.259902286E1
1.239511946E1,6.850122652E-1,6.647176726E-1,-2.496563514E-1,-1.630351790E-1,9.352685650E1,9.048255766E1,-7.197537648E0,-3.403327933E1
1.240514246E1,6.917041522E-1,6.495408664E-1,-2.601076529E-1,-1.788464217E-1,9.246968175E1,8.879365340E1,-7.325091021E0,-3.616658820E1
1.241516446E1,6.963017411E-1,6.328061019E-1,-2.754605065E-1,-1.970834895E-1,9.173791974E1,8.726090536E1,-7.710974161E0,-3.895950519E1
1.242518746E1,6.996462622E-1,6.178416948E-1,-2.899135881E-1,-2.114635727E-1,9.120273910E1,8.603379041E1,-8.300908559E0,-4.138125847E1
1.243521046E1,7.041954033E-1,6.077977742E-1,-2.972438417E-1,-2.152600976E-1,9.047084298E1,8.509430368E1,-9.030851758E0,-4.228657191E1
1.244523246E1,7.117361910E-1,6.039962654E-1,-2.939479898E-1,-2.054621776E-1,8.924729451E1,8.431775958E1,-9.801196041E0,-4.108274051E1
1.245525546E1,7.219110092E-1,6.052036251E-1,-2.804047533E-1,-1.842453065E-1,8.757503376E1,8.356522951E1,-1.047711042E1,-3.800180593E1
1.246527746E1,7.337497218E-1,6.086742706E-1,-2.580706114E-1,-1.566097865E-1,8.559665090E1,8.263923282E1,-1.084016036E1,-3.363292458E1
1.247530046E1,7.468386574E-1,6.101476190E-1,-2.303650645E-1,-1.299377646E-1,8.336546062E1,8.126054268E1,-1.069195456E1,-2.892041129E1
1.248532346E1,7.601824129E-1,6.079971182E-1,-2.011685095E-1,-1.095145187E-1,8.103943671E1,7.948559371E1,-9.943705850E0,-2.467003495E1
1.249534546E1,7.728395540E-1,6.034810202E-1,-1.710848266E-1,-9.622711356E-2,7.878086478E1,7.755726218E1,-8.528408516E0,-2.105113556E1
1.250536846E1,7.841522318E-1,5.976342197E-1,-1.405090793E-1,-9.053075625E-2,7.671532417E1,7.565594086E1,-6.439410407E0,-1.817338414E1
1.251539046E1,7.930348908E-1,5.917087521E-1,-1.115578190E-1,-9.236486066E-2,7.505992362E1,7.400806624E1,-3.878005186E0,-1.620982482E1
1.252541346E1,8.001619862E-1,5.852019952E-1,-8.633832494E-2,-9.912194878E-2,7.370885265E1,7.252784123E1,-1.269581653E0,-1.505473690E1
1.253543546E1,8.067523624E-1,5.771974447E-1,-6.709687667E-2,-1.071994344E-1,7.244033750E1,7.105131519E1,8.875099723E-1,-1.450432781E1
1.254545846E1,8.132838806E-1,5.676161594E-1,-5.619213826E-2,-1.149939672E-1,7.116394479E1,6.953857844E1,2.243390538E0,-1.453841209E1
1.255548146E1,8.194209254E-1,5.571291595E-1,-5.443450931E-2,-1.232609451E-1,6.994626379E1,6.805470359E1,2.758997412E0,-1.524601541E1
1.256550346E1,8.249932234E-1,5.457978950E-1,-5.986959831E-2,-1.338149585E-1,6.882439141E1,6.657893690E1,2.710403265E0,-1.664654256E1
1.257552646E1,8.297184330E-1,5.345200305E-1,-6.681097353E-2,-1.462599535E-1,6.786034975E1,6.516010195E1,2.607236421E0,-1.832811393E1
1.258554846E1,8.332515612E-1,5.243855258E-1,-7.293908315E-2,-1.593474351E-1,6.713156932E1,6.390528922E1,2.611630413E0,-2.002346989E1
1.259557146E1,8.353209293E-1,5.156861212E-1,-7.953384269E-2,-1.731504015E-1,6.670145930E1,6.287321662E1,2.619900159E0,-2.181987040E1
1.260559446E1,8.358944426E-1,5.082262344E-1,-8.745970506E-2,-1.879823201E-1,6.658182229E1,6.205747953E1,2.571204901E0,-2.380165258E1
1.261561646E1,8.353015839E-1,5.008997634E-1,-9.823665423E-2,-2.042553236E-1,6.670549152E1,6.136086881E1,2.321596774E0,-2.610414795E1
1.262563946E1,8.347202735E-1,4.919880020E-1,-1.124764517E-1,-2.203153170E-1,6.682655522E1,6.060680170E1,1.662511972E0,-2.859915794E1
1.263566146E1,8.354517953E-1,4.805844240E-1,-1.289259347E-1,-2.333170930E-1,6.667417690E1,5.967839424E1,5.061755110E-1,-3.091661255E1
1.264568446E1,8.382437500E-1,4.667932376E-1,-1.457241301E-1,-2.412800024E-1,6.608974799E1,5.854479664E1,-1.091489630E0,-3.272769911E1
1.265570746E1,8.427331059E-1,4.520603009E-1,-1.615135197E-1,-2.436305743E-1,6.514027147E1,5.732733519E1,-2.978094809E0,-3.387698063E1
1.266572946E1,8.478007587E-1,4.385834457E-1,-1.755706105E-1,-2.409426169E-1,6.405346514E1,5.624003946E1,-4.953711812E0,-3.437844232E1
1.267575246E1,8.521286078E-1,4.289774941E-1,-1.873889346E-1,-2.339671027E-1,6.311210235E1,5.554756270E1,-6.812794521E0,-3.429751135E1
1.268577446E1,8.549625619E-1,4.249890851E-1,-1.957155608E-1,-2.238720053E-1,6.248880194E1,5.538137547E1,-8.300951689E0,-3.370882446E1
1.269579746E1,8.566284372E-1,4.259332588E-1,-1.990148582E-1,-2.125131978E-1,6.211978834E1,5.558220391E1,-9.202873606E0,-3.272326775E1
1.270582046E1,8.575635493E-1,4.300499944E-1,-1.973752194E-1,-2.017050178E-1,6.191178156E1,5.595267939E1,-9.499389910E0,-3.152578658E1
1.271584246E1,8.581145351E-1,4.358611070E-1,-1.920097254E-1,-1.918248272E-1,6.178892482E1,5.638175509E1,-9.341275847E0,-3.021646633E1
1.272586546E1,8.585406397E-1,4.424747484E-1,-1.842433678E-1,-1.821494280E-1,6.169376246E1,5.682704454E1,-8.926527821E0,-2.879289959E1
1.273588746E1,8.590292481E-1,4.493665800E-1,-1.749151533E-1,-1.718809806E-1,6.158447793E1,5.726554965E1,-8.397469022E0,-2.721995046E1
1.274591046E1,8.597343017E-1,4.560856095E-1,-1.642895745E-1,-1.607850430E-1,6.142647325E1,5.765966251E1,-7.806459995E0,-2.548742326E1
1.275593346E1,8.606771688E-1,4.622786252E-1,-1.526872636E-1,-1.490632879E-1,6.121459881E1,5.798583928E1,-7.181410647E0,-2.363469278E1
1.276595546E1,8.618044284E-1,4.676435397E-1,-1.408770845E-1,-1.369539926E-1,6.096041654E1,5.823732473E1,-6.587803571E0,-2.173167650E1
1.277597846E1,8.630153917E-1,4.719755930E-1,-1.297704311E-1,-1.249128066E-1,6.068628855E1,5.841571129E1,-6.089172670E0,-1.987801230E1
1.278600046E1,8.641874112E-1,4.753221476E-1,-1.198565967E-1,-1.135045819E-1,6.041990526E1,5.853456820E1,-5.696251003E0,-1.815920191E1
1.279602346E1,8.652895092E-1,4.777209566E-1,-1.113703919E-1,-1.032153982E-1,6.016844026E1,5.859583364E1,-5.400611924E0,-1.663664598E1
1.280604646E1,8.662962288E-1,4.792371262E-1,-1.046734895E-1,-9.437223076E-2,5.993790233E1,5.860687847E1,-5.215566485E0,-1.536293299E1
1.281606846E1,8.671454035E-1,4.802165769E-1,-9.958526908E-2,-8.679675621E-2,5.974281487E1,5.859839903E1,-5.126060839E0,-1.430977547E1
1.282609146E1,8.677854877E-1,4.810659834E-1,-9.552401984E-2,-7.999471847E-2,5.959538035E1,5.860329954E1,-5.095912599E0,-1.339475650E1
1.283611346E1,8.681859249E-1,4.818914926E-1,-9.241107468E-2,-7.412134440E-2,5.950297653E1,5.863095756E1,-5.107409142E0,-1.262884398E1
1.284613646E1,8.683956476E-1,4.825122735E-1,-9.059500912E-2,-6.973798786E-2,5.945452943E1,5.866361648E1,-5.166239237E0,-1.208703999E1
1.285615846E1,8.684822172E-1,4.827667562E-1,-9.041571643E-2,-6.708088194E-2,5.943452090E1,5.868517306E1,-5.294790001E0,-1.181134689E1
1.286618146E1,8.685138695E-1,4.826522222E-1,-9.166067111E-2,-6.579493945E-2,5.942720370E1,5.868949859E1,-5.491897128E0,-1.175359245E1
1.287620446E1,8.685593038E-1,4.822701188E-1,-9.361544195E-2,-6.524230997E-2,5.941669901E1,5.867490734E1,-5.721451622E0,-1.180895188E1
1.288622729E1,8.686223977E-1,4.817630922E-1,-9.574642876E-2,-6.505530440E-2,5.940210853E1,5.864921376E1,-5.949536634E0,-1.191046150E1
1.289625029E1,8.686207961E-1,4.813072951E-1,-9.793842313E-2,-6.518680257E-2,5.940247893E1,5.863333129E1,-6.165051379E0,-1.204789831E1
1.290627229E1,8.683682943E-1,4.810911661E-1,-1.005470602E-1,-6.616810764E-2,5.946085023E1,5.866139895E1,-6.370541515E0,-1.229682742E1
1.291629529E1,8.677617590E-1,4.811787683E-1,-1.039266263E-1,-6.823267102E-2,5.960085183E1,5.875113033E1,-6.586487860E0,-1.270229356E1
1.292631829E1,8.668446014E-1,4.813909777E-1,-1.083582410E-1,-7.142584270E-2,5.981198649E1,5.888752063E1,-6.839702224E0,-1.328476396E1
1.293634029E1,8.657391739E-1,4.815079352E-1,-1.138313464E-1,-7.542018383E-2,6.006556657E1,5.904364558E1,-7.149900396E0,-1.401006490E1
1.294636329E1,8.645089074E-1,4.814892009E-1,-1.201070754E-1,-7.979317224E-2,6.034664776E1,5.921056590E1,-7.517451790E0,-1.482236428E1
1.295638529E1,8.632415095E-1,4.813489362E-1,-1.267047009E-1,-8.404363977E-2,6.063497767E1,5.937874736E1,-7.923157949E0,-1.564358423E1
1.296640829E1,8.619578851E-1,4.811403199E-1,-1.333379721E-1,-8.805441817E-2,6.092573999E1,5.954803323E1,-8.344828759E0,-1.644556702E1
1.297643129E1,8.607271550E-1,4.808681671E-1,-1.397243260E-1,-9.160583806E-2,6.120334780E1,5.970981117E1,-8.767681074E0,-1.718911712E1
1.298645329E1,8.595276135E-1,4.804815330E-1,-1.460105074E-1,-9.503073312E-2,6.147283066E1,5.986235813E1,-9.188270610E0,-1.791591154E1
1.299647629E1,8.583581228E-1,4.800665762E-1,-1.520805598E-1,-9.812751496E-2,6.173454033E1,6.001173104E1,-9.605516997E0,-1.859921475E1
1.300649829E1,8.572381546E-1,4.797158301E-1,-1.577217468E-1,-1.006948902E-1,6.198423382E1,6.016092807E1,-1.000885245E1,-1.920620046E1
1.301652129E1,8.562181165E-1,4.794512533E-1,-1.627482432E-1,-1.026164494E-1,6.221086258E1,6.030403891E1,-1.038704909E1,-1.971316662E1
1.302654429E1,8.552789162E-1,4.794042069E-1,-1.670332817E-1,-1.037762463E-1,6.241887618E1,6.045089491E1,-1.073218481E1,-2.010122130E1
1.303656629E1,8.543250065E-1,4.798145591E-1,-1.705289308E-1,-1.040509173E-1,6.262951154E1,6.062816207E1,-1.104173470E1,-2.035714744E1
1.304658929E1,8.533785991E-1,4.807063865E-1,-1.731456179E-1,-1.033778743E-1,6.283786326E1,6.083350375E1,-1.131066786E1,-2.046878951E1
1.305661129E1,8.524821777E-1,4.819887675E-1,-1.748885376E-1,-1.018572582E-1,6.303464023E1,6.105439205E1,-1.153641017E1,-2.044502032E1
1.306663429E1,8.516631380E-1,4.835055905E-1,-1.759546421E-1,-9.966010081E-2,6.321395032E1,6.127775169E1,-1.173209179E1,-2.031347337E1
1.307665629E1,8.510898987E-1,4.848937601E-1,-1.764608890E-1,-9.687878813E-2,6.333917724E1,6.146025212E1,-1.191242168E1,-2.008603060E1
1.308667929E1,8.508844750E-1,4.860022644E-1,-1.762264682E-1,-9.349616637E-2,6.338399909E1,6.157511504E1,-1.206481278E1,-1.974682891E1
1.309670229E1,8.510841246E-1,4.870730156E-1,-1.745353154E-1,-8.917986546E-2,6.334043749E1,6.162677453E1,-1.213490873E1,-1.921885332E1
1.310672429E1,8.515543570E-1,4.885394520E-1,-1.708700357E-1,-8.359308996E-2,6.323773115E1,6.165468546E1,-1.208327906E1,-1.844113065E1
1.311674729E1,8.520834685E-1,4.906479851E-1,-1.653086221E-1,-7.675560673E-2,6.312198558E1,6.170036120E1,-1.191108659E1,-1.742570658E1
1.312676929E1,8.526571293E-1,4.933149428E-1,-1.577069849E-1,-6.888110028E-2,6.299627924E1,6.175823230E1,-1.159426196E1,-1.618562323E1
1.313679229E1,8.531912142E-1,4.966036825E-1,-1.478751999E-1,-5.985349821E-2,6.287904254E1,6.184249630E1,-1.112118051E1,-1.470066181E1
1.314681529E1,8.535307492E-1,5.004709614E-1,-1.361603885E-1,-4.974314361E-2,6.280440927E1,6.197335041E1,-1.052381262E1,-1.300215763E1
1.315683729E1,8.536502776E-1,5.045782561E-1,-1.231763775E-1,-3.885484247E-2,6.277811673E1,6.213775095E1,-9.851111626E0,-1.115676521E1
1.316686029E1,8.534316198E-1,5.087560835E-1,-1.098137824E-1,-2.761739684E-2,6.282620715E1,6.234502766E1,-9.168361523E0,-9.260995882E0
1.317688229E1,8.528205748E-1,5.127895791E-1,-9.730257470E-2,-1.662204270E-2,6.296042221E1,6.259415314E1,-8.564115582E0,-7.445765143E0
1.318690529E1,8.520420803E-1,5.161798505E-1,-8.681468969E-2,-6.770764773E-3,6.313104630E1,6.283197436E1,-8.102803442E0,-5.864836396E0
1.319692829E1,8.514228167E-1,5.185029848E-1,-7.894587308E-2,1.196211854E-3,6.326647673E1,6.299664759E1,-7.797544605E0,-4.621640814E0
1.320695029E1,8.510323261E-1,5.198573527E-1,-7.377211561E-2,7.072620502E-3,6.335174199E1,6.308756898E1,-7.638269255E0,-3.740793954E0
1.321697329E1,8.507904875E-1,5.205422390E-1,-7.121780586E-2,1.093124878E-2,6.340449695E1,6.313332555E1,-7.617736040E0,-3.212418349E0
1.322699529E1,8.506244289E-1,5.207572933E-1,-7.127316574E-2,1.304145719E-2,6.344069841E1,6.315439244E1,-7.749151691E0,-3.010842938E0
1.323701829E1,8.504488452E-1,5.206598708E-1,-7.388620713E-2,1.381948801E-2,6.347895628E1,6.316918874E1,-8.051514065E0,-3.093503575E0
1.324704129E1,8.502289229E-1,5.203112742E-1,-7.872344308E-2,1.376933326E-2,6.352684593E1,6.318321768E1,-8.522314013E0,-3.391624816E0
1.325706329E1,8.499583823E-1,5.197614686E-1,-8.507585824E-2,1.344754207E-2,6.358571380E1,6.319677832E1,-9.125697139E0,-3.808348480E0
1.326708629E1,8.496041380E-1,5.191287601E-1,-9.221469144E-2,1.321257339E-2,6.366272134E1,6.321817993E1,-9.811659366E0,-4.265577328E0
1.327710829E1,8.491658108E-1,5.184937757E-1,-9.953968727E-2,1.317531558E-2,6.375789207E1,6.325061646E1,-1.052788485E1,-4.716735140E0
1.328713129E1,8.486594586E-1,5.179238239E-1,-1.065511105E-1,1.337517593E-2,6.386767460E1,6.329452308E1,-1.122754127E1,-5.127902509E0
1.329715429E1,8.480946065E-1,5.174969395E-1,-1.128704194E-1,1.388430986E-2,6.398994173E1,6.335141450E1,-1.187749143E1,-5.469184313E0
1.330717629E1,8.474934239E-1,5.172506965E-1,-1.182653635E-1,1.482839927E-2,6.411984397E1,6.341830296E1,-1.246236222E1,-5.713690988E0
1.331719929E1,8.468167984E-1,5.172662698E-1,-1.227696182E-1,1.626560681E-2,6.426576709E1,6.350365510E1,-1.298841582E1,-5.858536113E0
1.332722129E1,8.459653056E-1,5.176900985E-1,-1.265325310E-1,1.814539840E-2,6.444898330E1,6.362881213E1,-1.346619689E1,-5.920257426E0
1.333724429E1,8.450857430E-1,5.183116802E-1,-1.295027459E-1,2.030293772E-2,6.463775261E1,6.376353171E1,-1.388231144E1,-5.908312551E0
1.334726629E1,8.443541159E-1,5.189213344E-1,-1.314511104E-1,2.252344443E-2,6.479439873E1,6.387424949E1,-1.420301290E1,-5.825117149E0
1.335728929E1,8.438607027E-1,5.194561147E-1,-1.321036911E-1,2.476013554E-2,6.489985142E1,6.394551538E1,-1.439928706E1,-5.655783413E0
1.336731229E1,8.436419606E-1,5.198856121E-1,-1.313501265E-1,2.710021286E-2,6.494655237E1,6.396978869E1,-1.446585375E1,-5.383569890E0
1.337733429E1,8.435934495E-1,5.203121382E-1,-1.293925319E-1,2.971394967E-2,6.495690532E1,6.396525855E1,-1.443197839E1,-5.006565392E0
1.338735729E1,8.435193132E-1,5.209062613E-1,-1.267934832E-1,3.248641151E-2,6.497272422E1,6.397001367E1,-1.434442365E1,-4.575708675E0
1.339737929E1,8.433570900E-1,5.216425246E-1,-1.240896786E-1,3.521057306E-2,6.500732680E1,6.399434526E1,-1.424321326E1,-4.145701179E0
1.340740229E1,8.432181318E-1,5.223013641E-1,-1.215127360E-1,3.767224405E-2,6.503695386E1,6.401440636E1,-1.413905242E1,-3.748751021E0
1.341742529E1,8.431863531E-1,5.227579620E-1,-1.190647838E-1,3.980647616E-2,6.504372766E1,6.401322842E1,-1.402858253E1,-3.389233656E0
1.342744729E1,8.432695931E-1,5.230149946E-1,-1.166895350E-1,4.165794507E-2,6.502598327E1,6.398950733E1,-1.390878832E1,-3.059200676E0
1.343747029E1,8.433530018E-1,5.232914147E-1,-1.142446173E-1,4.324431030E-2,6.500819862E1,6.397051819E1,-1.376592341E1,-2.751536302E0
1.344749229E1,8.433906389E-1,5.237222398E-1,-1.113725204E-1,4.476012171E-2,6.500017209E1,6.396716714E1,-1.357658154E1,-2.426575701E0
1.345751529E1,8.434864387E-1,5.241597030E-1,-1.079784557E-1,4.612884061E-2,6.497973776E1,6.395877312E1,-1.332736351E1,-2.083558419E0
1.346753829E1,8.435540001E-1,5.246893203E-1,-1.043975330E-1,4.710677394E-2,6.496532331E1,6.396526359E1,-1.303597241E1,-1.769230514E0
1.347756029E1,8.435799625E-1,5.252792708E-1,-1.009608158E-1,4.755538499E-2,6.495978337E1,6.398852689E1,-1.272646363E1,-1.517501485E0
1.348758329E1,8.435634410E-1,5.258685680E-1,-9.793450347E-2,4.766412386E-2,6.496330884E1,6.402236821E1,-1.243653489E1,-1.325291603E0
1.349760529E1,8.434672619E-1,5.264486140E-1,-9.558677649E-2,4.772835566E-2,6.498382868E1,6.406677592E1,-1.221036944E1,-1.180051827E0
1.350762829E1,8.432961457E-1,5.269779784E-1,-9.405511787E-2,4.795232401E-2,6.502032213E1,6.411585997E1,-1.207384982E1,-1.069594709E0
1.351765129E1,8.430064282E-1,5.275240119E-1,-9.345581076E-2,4.821388735E-2,6.508206778E1,6.418066386E1,-1.203069396E1,-1.014182159E0
1.352767329E1,8.426537855E-1,5.280419756E-1,-9.383338330E-2,4.797563122E-2,6.515715400E1,6.425878434E1,-1.205229656E1,-1.068823355E0
1.353769629E1,8.422724830E-1,5.285365478E-1,-9.506893924E-2,4.677575259E-2,6.523825606E1,6.435232985E1,-1.209851922E1,-1.271604920E0
1.354771829E1,8.419480787E-1,5.289309370E-1,-9.678353626E-2,4.459326233E-2,6.530718546E1,6.444594772E1,-1.213096326E1,-1.599709592E0
1.355774129E1,8.417248269E-1,5.292068724E-1,-9.843185735E-2,4.184077810E-2,6.535458445E1,6.452660009E1,-1.212176217E1,-1.977918526E0
1.356776429E1,8.416400274E-1,5.293821400E-1,-9.927801856E-2,3.924958985E-2,6.537258035E1,6.458027452E1,-1.204435031E1,-2.288016811E0
1.357778629E1,8.416844080E-1,5.295565437E-1,-9.865938712E-2,3.746327997E-2,6.536316257E1,6.460549419E1,-1.187387441E1,-2.426211681E0
1.358780929E1,8.418296039E-1,5.298176013E-1,-9.623467892E-2,3.681038314E-2,6.533234286E1,6.460737240E1,-1.159731296E1,-2.340099834E0
1.359783129E1,8.420829486E-1,5.301157692E-1,-9.215501150E-2,3.716125565E-2,6.527853617E1,6.458481919E1,-1.122158330E1,-2.051882005E0
1.360785429E1,8.424687187E-1,5.303097290E-1,-8.700373938E-2,3.805624398E-2,6.519652844E1,6.453335735E1,-1.077537079E1,-1.642369202E0
1.361787629E1,8.428943176E-1,5.304125673E-1,-8.165930826E-2,3.903025765E-2,6.510594721E1,6.447188630E1,-1.031528086E1,-1.213138148E0
1.362789929E1,8.433111921E-1,5.304052548E-1,-7.684038511E-2,3.990223380E-2,6.501711396E1,6.440774332E1,-9.900018741E0,-8.266881653E-1
1.363792229E1,8.436959507E-1,5.302629670E-1,-7.323316279E-2,4.043821527E-2,6.493502839E1,6.434465912E1,-9.581990884E0,-5.479842859E-1
1.364794429E1,8.440325354E-1,5.299952081E-1,-7.124067052E-2,4.048381816E-2,6.486314452E1,6.428629633E1,-9.391020730E0,-4.166916736E-1
1.365796729E1,8.443891399E-1,5.295220044E-1,-7.086103279E-2,3.990113798E-2,6.478690755E1,6.422044216E1,-9.318684619E0,-4.448047066E-1
1.366798929E1,8.448684760E-1,5.287215514E-1,-7.178198357E-2,3.870614839E-2,6.468430619E1,6.412673903E1,-9.335905405E0,-6.098179702E-1
1.367801229E1,8.453834262E-1,5.277516260E-1,-7.375348671E-2,3.695275519E-2,6.457391976E1,6.402455495E1,-9.421938270E0,-8.926307467E-1
1.368803529E1,8.458844679E-1,5.267269940E-1,-7.629961997E-2,3.487752867E-2,6.446635303E1,6.392421576E1,-9.545059074E0,-1.241896052E0
1.369805729E1,8.463736242E-1,5.256884113E-1,-7.890593894E-2,3.282185828E-2,6.436118322E1,6.382421978E1,-9.675969648E0,-1.592809661E0
1.370808029E1,8.468472284E-1,5.246665820E-1,-8.131402020E-2,3.102804626E-2,6.425921081E1,6.372428309E1,-9.804091289E0,-1.905962945E0
1.371810229E1,8.472958816E-1,5.236873632E-1,-8.344233068E-2,2.963960263E-2,6.416247718E1,6.362573495E1,-9.929975468E0,-2.162491714E0
1.372812529E1,8.477262852E-1,5.227566976E-1,-8.519566065E-2,2.876067225E-2,6.406955573E1,6.352707159E1,-1.005042778E1,-2.346292090E0
1.373814829E1,8.481823141E-1,5.218272753E-1,-8.647317378E-2,2.837966474E-2,6.397097037E1,6.342001816E1,-1.015481951E1,-2.451629426E0
1.374817029E1,8.486833137E-1,5.208581717E-1,-8.741517692E-2,2.831935260E-2,6.386250634E1,6.330149489E1,-1.024608678E1,-2.504062808E0
1.375819329E1,8.492183679E-1,5.198169128E-1,-8.843881850E-2,2.823543822E-2,6.374648744E1,6.317463916E1,-1.034426344E1,-2.562815002E0
1.376821529E1,8.497753807E-1,5.186815399E-1,-8.980490323E-2,2.804189989E-2,6.362550610E1,6.304072107E1,-1.046982251E1,-2.652140366E0
1.377823829E1,8.502362143E-1,5.176161940E-1,-9.166901619E-2,2.772385978E-2,6.352525869E1,6.292467620E1,-1.063672064E1,-2.785097719E0
1.378826129E1,8.505426641E-1,5.167378115E-1,-9.387064112E-2,2.734112424E-2,6.345851669E1,6.284014274E1,-1.083249338E1,-2.947431046E0
1.379828329E1,8.507541569E-1,5.160253823E-1,-9.592355089E-2,2.708874892E-2,6.341241875E1,6.277601155E1,-1.102117019E1,-3.089759744E0
1.380830629E1,8.509673357E-1,5.153780699E-1,-9.749404783E-2,2.710965375E-2,6.336592295E1,6.271227729E1,-1.117883314E1,-3.176095314E0
1.381832829E1,8.512659461E-1,5.146468642E-1,-9.864549973E-2,2.745681734E-2,6.330074245E1,6.262890047E1,-1.131531421E1,-3.203079859E0
1.382835129E1,8.516290412E-1,5.137953082E-1,-9.979145147E-2,2.799954231E-2,6.322140515E1,6.252803480E1,-1.146344303E1,-3.208569371E0
1.383837429E1,8.519579552E-1,5.129463653E-1,-1.011648276E-1,2.862517013E-2,6.314945940E1,6.243079636E1,-1.163888669E1,-3.219665572E0
1.384839629E1,8.521886249E-1,5.122170352E-1,-1.027239449E-1,2.925876370E-2,6.309895947E1,6.235297767E1,-1.183266188E1,-3.242836987E0
1.385841929E1,8.523784122E-1,5.115484176E-1,-1.043140190E-1,2.979820122E-2,6.305738262E1,6.228481534E1,-1.202371197E1,-3.277907809E0
1.386844129E1,8.525104583E-1,5.109900561E-1,-1.058350988E-1,3.023387319E-2,6.302844068E1,6.223147683E1,-1.220144661E1,-3.320450998E0
1.387846429E1,8.526197029E-1,5.104745580E-1,-1.073416801E-1,3.054761433E-2,6.300448735E1,6.218485344E1,-1.237040528E1,-3.374729332E0
1.388848554E1,8.527551207E-1,5.098864620E-1,-1.089793591E-1,3.079000086E-2,6.297478386E1,6.213145838E1,-1.254839824E1,-3.443033342E0
1.389850854E1,8.529455823E-1,5.091332346E-1,-1.109264381E-1,3.102471666E-2,6.293298540E1,6.206153504E1,-1.275719183E1,-3.528624910E0
1.390853154E1,8.530878279E-1,5.083558149E-1,-1.132573063E-1,3.143779792E-2,6.290175210E1,6.199452162E1,-1.301464114E1,-3.619681775E0
1.391855354E1,8.530563864E-1,5.077568239E-1,-1.160029206E-1,3.195527693E-2,6.290865701E1,6.195945627E1,-1.331856674E1,-3.728709720E0
1.392857654E1,8.529352985E-1,5.072956109E-1,-1.186851461E-1,3.265495676E-2,6.293524291E1,6.194167905E1,-1.362657674E1,-3.817924605E0
1.393859854E1,8.528121876E-1,5.069352975E-1,-1.208702916E-1,3.344247062E-2,6.296226266E1,6.192836395E1,-1.389041530E1,-3.869252511E0
1.394862154E1,8.526935442E-1,5.067022465E-1,-1.224455933E-1,3.425999304E-2,6.298829205E1,6.192080877E1,-1.409535392E1,-3.881815977E0
1.395864454E1,8.525937826E-1,5.065425310E-1,-1.235603563E-1,3.509285692E-2,6.301017146E1,6.191429105E1,-1.425545867E1,-3.865415784E0
1.396866654E1,8.525417312E-1,5.063558416E-1,-1.244149891E-1,3.601684228E-2,6.302158450E1,6.189826728E1,-1.439542921E1,-3.823221148E0
1.397868954E1,8.525051056E-1,5.061444330E-1,-1.252033880E-1,3.710764486E-2,6.302961411E1,6.187618253E1,-1.453886786E1,-3.759747247E0
1.398871154E1,8.524067349E-1,5.060294985E-1,-1.259426437E-1,3.841090971E-2,6.305117584E1,6.186447707E1,-1.468962693E1,-3.673585079E0
1.399873454E1,8.522383582E-1,5.060430698E-1,-1.265903565E-1,3.981402045E-2,6.308806673E1,6.186757556E1,-1.483673218E1,-3.573942009E0
1.400875754E1,8.520718360E-1,5.060964488E-1,-1.270398316E-1,4.124258788E-2,6.312453230E1,6.187183137E1,-1.496563063E1,-3.460053440E0
1.401877954E1,8.518718492E-1,5.062324356E-1,-1.274144538E-1,4.252937331E-2,6.316830110E1,6.188699698E1,-1.507843286E1,-3.357143119E0
1.402880254E1,8.516534021E-1,5.063957757E-1,-1.278748871E-1,4.356487923E-2,6.321607904E1,6.190972118E1,-1.518474934E1,-3.285252196E0
1.403882454E1,8.515032750E-1,5.064561089E-1,-1.283438340E-1,4.441034501E-2,6.324889552E1,6.192012620E1,-1.528105909E1,-3.231054408E0
1.404884754E1,8.514223109E-1,5.064550131E-1,-1.285740401E-1,4.530128724E-2,6.326658723E1,6.191688567E1,-1.535671738E1,-3.156227826E0
1.405887054E1,8.514045671E-1,5.064273858E-1,-1.284420151E-1,4.630560449E-2,6.327046390E1,6.190169055E1,-1.540338582E1,-3.046864888E0
1.406889254E1,8.514093719E-1,5.064490282E-1,-1.278889009E-1,4.749793884E-2,6.326941418E1,6.188318675E1,-1.541937911E1,-2.893225506E0
1.407891554E1,8.513831565E-1,5.065757638E-1,-1.270313390E-1,4.889519116E-2,6.327514140E1,6.187136703E1,-1.541704539E1,-2.701994559E0
1.408893754E1,8.513229287E-1,5.067852126E-1,-1.259477224E-1,5.054882276E-2,6.328829750E1,6.186446029E1,-1.540731247E1,-2.472538753E0
1.409896054E1,8.512620686E-1,5.070059778E-1,-1.247233143E-1,5.236341318E-2,6.330158922E1,6.185533750E1,-1.539319320E1,-2.218450298E0
1.410898354E1,8.512072356E-1,5.071882840E-1,-1.235690175E-1,5.419423013E-2,6.331356250E1,6.184252518E1,-1.538709962E1,-1.966460381E0
1.411900554E1,8.511729702E-1,5.072501766E-1,-1.228566726E-1,5.575041822E-2,6.332104363E1,6.182413045E1,-1.540875174E1,-1.767293274E0
1.412902854E1,8.511585560E-1,5.071616682E-1,-1.227639073E-1,5.696593333E-2,6.332419043E1,6.179960476E1,-1.547185436E1,-1.637968701E0
1.413905054E1,8.510976116E-1,5.070663953E-1,-1.231189735E-1,5.794955648E-2,6.333749380E1,6.178438725E1,-1.556557491E1,-1.559536947E0
1.414907354E1,8.508771414E-1,5.072316531E-1,-1.234969886E-1,5.892883850E-2,6.338559869E1,6.180532593E1,-1.566085562E1,-1.487832747E0
1.415909654E1,8.505626838E-1,5.076264848E-1,-1.235340778E-1,5.998204610E-2,6.345415438E1,6.185080625E1,-1.572639465E1,-1.391887513E0
1.416911854E1,8.502624297E-1,5.081056101E-1,-1.230911144E-1,6.108342755E-2,6.351955168E1,6.189862538E1,-1.574718508E1,-1.262893923E0
1.417914154E1,8.499939542E-1,5.086206446E-1,-1.222040075E-1,6.230155576E-2,6.357797636E1,6.194235572E1,-1.573098675E1,-1.095276608E0
1.418916354E1,8.497392187E-1,5.091288513E-1,-1.211956863E-1,6.358180843E-2,6.363336661E1,6.198266202E1,-1.570664663E1,-9.137931082E-1
1.419918654E1,8.494655592E-1,5.096241189E-1,-1.204090997E-1,6.475471308E-2,6.369282369E1,6.202634448E1,-1.569806262E1,-7.566425335E-1
1.420920954E1,8.491318405E-1,5.101598897E-1,-1.199227251E-1,6.580669842E-2,6.376526249E1,6.208211687E1,-1.571213206E1,-6.310653162E-1
1.421923154E1,8.486727348E-1,5.108489906E-1,-1.197314627E-1,6.672537328E-2,6.386479832E1,6.216542823E1,-1.574752264E1,-5.401476682E-1
1.422925454E1,8.481425696E-1,5.116257992E-1,-1.197433902E-1,6.748877914E-2,6.397956782E1,6.226582037E1,-1.579384829E1,-4.791778599E-1
1.423927654E1,8.476094541E-1,5.123998682E-1,-1.198345960E-1,6.814766083E-2,6.409479072E1,6.236822836E1,-1.584188454E1,-4.336603975E-1
1.424929954E1,8.470486060E-1,5.132041144E-1,-1.200129615E-1,6.875318460E-2,6.421580809E1,6.247688946E1,-1.589542702E1,-3.996064373E-1
1.425932254E1,8.464545462E-1,5.140478732E-1,-1.202494264E-1,6.935162770E-2,6.434377002E1,6.259218989E1,-1.595435421E1,-3.707742554E-1
1.426934454E1,8.458595170E-1,5.149054562E-1,-1.204053486E-1,6.997658117E-2,6.447171344E1,6.270784806E1,-1.600699243E1,-3.346364239E-1
1.427936754E1,8.453129145E-1,5.157354330E-1,-1.202324412E-1,7.076156622E-2,6.458904482E1,6.281254849E1,-1.603691120E1,-2.614119040E-1
1.428938954E1,8.448486670E-1,5.165448422E-1,-1.194277103E-1,7.175711693E-2,6.468854916E1,6.290153561E1,-1.601733771E1,-1.270721924E-1
1.429941254E1,8.443766644E-1,5.174744752E-1,-1.180474432E-1,7.288939202E-2,6.478957598E1,6.299624460E1,-1.594948875E1,5.477047376E-2
1.430943454E1,8.441689226E-1,5.185752245E-1,-1.123612854E-1,7.637801311E-2,6.483399631E1,6.302385819E1,-1.559996910E1,7.386323627E-1
1.431945754E1,8.438440547E-1,5.204513071E-1,-1.012776336E-1,8.246528244E-2,6.490340678E1,6.306808493E1,-1.487809922E1,2.001545655E0
1.432948054E1,8.433819145E-1,5.218329862E-1,-9.872195411E-2,8.155554271E-2,6.500203274E1,6.323185888E1,-1.457442425E1,2.044766420E0
1.433950254E1,8.434061911E-1,5.224785073E-1,-9.747411237E-2,7.862001472E-2,6.499685516E1,6.332750677E1,-1.427493492E1,1.818930945E0
1.434952554E1,8.426825718E-1,5.239641837E-1,-9.738408670E-2,7.657644047E-2,6.515102758E1,6.354711674E1,-1.414486394E1,1.596018046E0
1.435954754E1,8.415323422E-1,5.252943383E-1,-9.893795671E-2,7.810582316E-2,6.539542667E1,6.374024089E1,-1.439326759E1,1.627742300E0
1.436957054E1,8.410064760E-1,5.262421998E-1,-9.721096852E-2,7.954475872E-2,6.550689181E1,6.383701889E1,-1.431364197E1,1.861919424E0
1.437959354E1,8.406759182E-1,5.273341193E-1,-9.370753281E-2,8.001077642E-2,6.557687222E1,6.393904353E1,-1.400107834E1,2.108322231E0
1.438961554E1,8.400339374E-1,5.284887744E-1,-9.287782995E-2,8.010257226E-2,6.571259299E1,6.408767371E1,-1.392831189E1,2.149719734E0
1.439963854E1,8.392588147E-1,5.294742098E-1,-9.463278258E-2,7.966496153E-2,6.587613029E1,6.424985375E1,-1.407571337E1,1.979677386E0
1.440966054E1,8.385319081E-1,5.303081063E-1,-9.719419407E-2,7.868188629E-2,6.602916820E1,6.440687285E1,-1.426766754E1,1.706956621E0
1.441968354E1,8.378643863E-1,5.310850202E-1,-9.964185123E-2,7.748289274E-2,6.616942709E1,6.455772943E1,-1.443447995E1,1.420286632E0
1.442970654E1,8.372495902E-1,5.318501752E-1,-1.017201334E-1,7.616845898E-2,6.629837460E1,6.470400827E1,-1.455745384E1,1.145184333E0
1.443972854E1,8.366200849E-1,5.327084747E-1,-1.033298691E-1,7.490995408E-2,6.643017744E1,6.485696402E1,-1.463769862E1,9.032836647E-1
1.444975154E1,8.359665137E-1,5.336256955E-1,-1.046152847E-1,7.388675504E-2,6.656677454E1,6.501213398E1,-1.470044706E1,7.038986016E-1
1.445977354E1,8.352546113E-1,5.345565719E-1,-1.061066299E-1,7.307799916E-2,6.671528126E1,6.517140215E1,-1.479614773E1,5.118710272E-1
1.446979654E1,8.345245014E-1,5.353909530E-1,-1.079241706E-1,7.264780628E-2,6.686728310E1,6.532031057E1,-1.494671869E1,3.374018183E-1
1.447981954E1,8.338155071E-1,5.360765769E-1,-1.099328683E-1,7.272080462E-2,6.701459718E1,6.544865235E1,-1.514693459E1,2.022090395E-1
1.448984154E1,8.331454144E-1,5.366018320E-1,-1.121746381E-1,7.310244434E-2,6.715356589E1,6.555709778E1,-1.538890267E1,8.460540056E-2
1.449986454E1,8.325339479E-1,5.369473518E-1,-1.146926173E-1,7.362380085E-2,6.728015508E1,6.564517765E1,-1.566636175E1,-3.446415888E-2
1.450988654E1,8.320070701E-1,5.371275928E-1,-1.172712247E-1,7.419965324E-2,6.738906391E1,6.571195696E1,-1.595309551E1,-1.495700386E-1
1.451990954E1,8.315099902E-1,5.372979504E-1,-1.196537439E-1,7.473297947E-2,6.749167123E1,6.577530687E1,-1.621809206E1,-2.564033387E-1
1.452993254E1,8.309842083E-1,5.375971298E-1,-1.216784153E-1,7.515870478E-2,6.760005376E1,6.585196531E1,-1.644148005E1,-3.534476400E-1
1.453995454E1,8.304290921E-1,5.380595018E-1,-1.231880100E-1,7.552677321E-2,6.771431720E1,6.594298654E1,-1.661107556E1,-4.260567343E-1
1.454997754E1,8.298888960E-1,5.386359232E-1,-1.241046407E-1,7.585412778E-2,6.782534675E1,6.603935842E1,-1.672040666E1,-4.662490452E-1
1.455999954E1,8.293617653E-1,5.393260146E-1,-1.244215640E-1,7.619564370E-2,6.793353682E1,6.614011571E1,-1.677233713E1,-4.679696488E-1
1.457002254E1,8.288369949E-1,5.401266994E-1,-1.242051610E-1,7.658638713E-2,6.804109207E1,6.624570530E1,-1.677561696E1,-4.319346527E-1
1.458004554E1,8.283321178E-1,5.409904147E-1,-1.234980212E-1,7.709480456E-2,6.814442909E1,6.634971737E1,-1.673884642E1,-3.531417282E-1
1.459006754E1,8.279737853E-1,5.416929816E-1,-1.223852390E-1,7.778120814E-2,6.821768819E1,6.642178224E1,-1.667428494E1,-2.266143534E-1
1.460009054E1,8.279956174E-1,5.417665489E-1,-1.211675533E-1,7.893493597E-2,6.821322672E1,6.639933510E1,-1.662945688E1,-3.429297590E-2
1.461011254E1,8.279236306E-1,5.419334294E-1,-1.201497280E-1,8.009161408E-2,6.822793653E1,6.639417823E1,-1.660417781E1,1.430851745E-1
1.462013554E1,8.276868074E-1,5.424210052E-1,-1.190674180E-1,8.085080526E-2,6.827630940E1,6.643672876E1,-1.654757612E1,2.790704422E-1
1.463015854E1,8.274150024E-1,5.430330617E-1,-1.178873484E-1,8.125242258E-2,6.833179049E1,6.649831064E1,-1.645899223E1,3.838869182E-1
1.464018054E1,8.271219132E-1,5.437748673E-1,-1.165352986E-1,8.122688159E-2,6.839157180E1,6.657889435E1,-1.632682665E1,4.556094072E-1
1.465020354E1,8.267182729E-1,5.447608086E-1,-1.151498052E-1,8.070413423E-2,6.847382716E1,6.669768227E1,-1.616006970E1,4.760921612E-1
1.466022554E1,8.261614708E-1,5.460154360E-1,-1.137131877E-1,7.996104314E-2,6.858715220E1,6.685552575E1,-1.597457903E1,4.733950774E-1
1.467024854E1,8.256475322E-1,5.471899211E-1,-1.123284320E-1,7.919489773E-2,6.869160768E1,6.700331157E1,-1.579264256E1,4.670735802E-1
1.468027154E1,8.252562830E-1,5.480870800E-1,-1.114464459E-1,7.830842306E-2,6.877103381E1,6.712164483E1,-1.565138004E1,4.215355218E-1